Genus,Species,Center Lat,Center Long,C-Square Code,Overall Probability
Coris,julis,57.25,-14.25,7501:374:1,0.06
Coris,julis,57.75,-13.75,7501:373:4,0.08
Coris,julis,57.75,-13.25,7501:373:3,0.10
Coris,julis,57.25,-13.75,7501:373:2,0.10
Coris,julis,57.25,-13.25,7501:373:1,0.13
Coris,julis,56.75,-14.75,7501:364:4,0.12
Coris,julis,56.75,-14.25,7501:364:3,0.06
Coris,julis,55.25,-10.25,7501:350:1,0.02
Coris,julis,54.75,-10.25,7501:140:3,0.17
Coris,julis,54.25,-10.75,7501:140:2,0.02
Coris,julis,53.25,-13.75,7501:133:2,0.16
Coris,julis,53.75,-11.25,7501:131:3,0.04
Coris,julis,53.25,-11.25,7501:131:1,0.07
Coris,julis,53.75,-10.75,7501:130:4,0.11
Coris,julis,52.75,-11.75,7501:121:4,0.02
Coris,julis,52.75,-11.25,7501:121:3,0.02
Coris,julis,52.75,-10.75,7501:120:4,0.13
Coris,julis,58.25,-8.25,7500:488:1,0.12
Coris,julis,58.75,-7.25,7500:487:3,0.10
Coris,julis,58.25,-7.75,7500:487:2,0.09
Coris,julis,58.25,-7.25,7500:487:1,0.06
Coris,julis,58.75,-6.75,7500:486:4,0.08
Coris,julis,58.75,-6.25,7500:486:3,0.06
Coris,julis,58.25,-6.75,7500:486:2,0.04
Coris,julis,58.25,-6.25,7500:486:1,0.03
Coris,julis,58.75,-5.75,7500:485:4,0.02
Coris,julis,58.75,-5.25,7500:485:3,0.02
Coris,julis,58.25,-5.75,7500:485:2,0.02
Coris,julis,57.75,-8.75,7500:478:4,0.14
Coris,julis,57.75,-8.25,7500:478:3,0.11
Coris,julis,57.25,-8.75,7500:478:2,0.14
Coris,julis,57.25,-8.25,7500:478:1,0.10
Coris,julis,57.75,-7.75,7500:477:4,0.07
Coris,julis,57.75,-7.25,7500:477:3,0.04
Coris,julis,57.25,-7.75,7500:477:2,0.08
Coris,julis,57.25,-7.25,7500:477:1,0.05
Coris,julis,57.75,-6.75,7500:476:4,0.01
Coris,julis,57.25,-6.75,7500:476:2,0.05
Coris,julis,57.25,-6.25,7500:476:1,0.03
Coris,julis,57.25,-5.75,7500:475:2,0.01
Coris,julis,56.75,-8.75,7500:468:4,0.17
Coris,julis,56.75,-8.25,7500:468:3,0.13
Coris,julis,56.25,-8.75,7500:468:2,0.17
Coris,julis,56.25,-8.25,7500:468:1,0.17
Coris,julis,56.75,-7.75,7500:467:4,0.10
Coris,julis,56.75,-7.25,7500:467:3,0.09
Coris,julis,56.25,-7.75,7500:467:2,0.15
Coris,julis,56.25,-7.25,7500:467:1,0.12
Coris,julis,56.75,-6.75,7500:466:4,0.08
Coris,julis,56.75,-6.25,7500:466:3,0.04
Coris,julis,56.25,-6.75,7500:466:2,0.08
Coris,julis,56.25,-6.25,7500:466:1,0.05
Coris,julis,56.75,-5.75,7500:465:4,0.02
Coris,julis,56.25,-5.75,7500:465:2,0.01
Coris,julis,55.75,-8.75,7500:458:4,0.18
Coris,julis,55.75,-8.25,7500:458:3,0.16
Coris,julis,55.25,-8.25,7500:458:1,0.17
Coris,julis,55.75,-7.75,7500:457:4,0.17
Coris,julis,55.75,-7.25,7500:457:3,0.12
Coris,julis,55.25,-7.75,7500:457:2,0.14
Coris,julis,55.25,-7.25,7500:457:1,0.11
Coris,julis,55.75,-6.75,7500:456:4,0.07
Coris,julis,55.75,-6.25,7500:456:3,0.06
Coris,julis,55.25,-6.75,7500:456:2,0.08
Coris,julis,55.25,-6.25,7500:456:1,0.06
Coris,julis,55.75,-5.75,7500:455:4,0.04
Coris,julis,55.75,-5.25,7500:455:3,0.04
Coris,julis,55.25,-5.75,7500:455:2,0.06
Coris,julis,55.25,-5.25,7500:455:1,0.07
Coris,julis,56.75,-0.25,7500:360:3,0.02
Coris,julis,56.25,-0.75,7500:360:2,0.02
Coris,julis,56.25,-0.25,7500:360:1,0.03
Coris,julis,55.75,-4.75,7500:354:4,0.03
Coris,julis,55.75,-4.25,7500:354:3,0.02
Coris,julis,55.25,-4.75,7500:354:2,0.07
Coris,julis,55.25,-3.75,7500:353:2,0.05
Coris,julis,55.25,-3.25,7500:353:1,0.03
Coris,julis,55.75,-0.75,7500:350:4,0.03
Coris,julis,55.75,-0.25,7500:350:3,0.05
Coris,julis,55.25,-0.75,7500:350:2,0.02
Coris,julis,55.25,-0.25,7500:350:1,0.06
Coris,julis,54.75,-8.75,7500:248:4,0.19
Coris,julis,54.75,-8.25,7500:248:3,0.17
Coris,julis,54.25,-8.75,7500:248:2,0.19
Coris,julis,54.25,-8.25,7500:248:1,0.18
Coris,julis,54.25,-6.25,7500:246:1,0.11
Coris,julis,54.75,-5.75,7500:245:4,0.06
Coris,julis,54.75,-5.25,7500:245:3,0.07
Coris,julis,54.25,-5.75,7500:245:2,0.11
Coris,julis,54.25,-5.25,7500:245:1,0.11
Coris,julis,53.75,-9.75,7500:239:4,0.18
Coris,julis,53.75,-6.25,7500:236:3,0.13
Coris,julis,53.25,-6.25,7500:236:1,0.16
Coris,julis,53.75,-5.75,7500:235:4,0.16
Coris,julis,53.75,-5.25,7500:235:3,0.16
Coris,julis,53.25,-5.75,7500:235:2,0.15
Coris,julis,53.25,-5.25,7500:235:1,0.16
Coris,julis,52.75,-6.25,7500:226:3,0.18
Coris,julis,52.25,-6.25,7500:226:1,0.19
Coris,julis,52.75,-5.75,7500:225:4,0.17
Coris,julis,52.75,-5.25,7500:225:3,0.18
Coris,julis,51.25,-7.75,7500:217:2,0.15
Coris,julis,51.25,-6.25,7500:216:1,0.19
Coris,julis,54.75,-4.75,7500:144:4,0.09
Coris,julis,54.75,-4.25,7500:144:3,0.10
Coris,julis,54.25,-4.75,7500:144:2,0.12
Coris,julis,54.25,-4.25,7500:144:1,0.12
Coris,julis,54.75,-3.75,7500:143:4,0.09
Coris,julis,54.75,-3.25,7500:143:3,0.07
Coris,julis,54.25,-3.75,7500:143:2,0.13
Coris,julis,54.25,-3.25,7500:143:1,0.11
Coris,julis,54.25,-2.75,7500:142:2,0.09
Coris,julis,54.75,-0.75,7500:140:4,0.02
Coris,julis,54.75,-0.25,7500:140:3,0.05
Coris,julis,54.25,-0.75,7500:140:2,0.02
Coris,julis,54.25,-0.25,7500:140:1,0.01
Coris,julis,53.75,-4.75,7500:134:4,0.14
Coris,julis,53.75,-4.25,7500:134:3,0.14
Coris,julis,53.25,-4.75,7500:134:2,0.17
Coris,julis,53.25,-4.25,7500:134:1,0.15
Coris,julis,53.75,-3.75,7500:133:4,0.11
Coris,julis,53.75,-3.25,7500:133:3,0.14
Coris,julis,53.25,-3.75,7500:133:2,0.15
Coris,julis,53.25,-3.25,7500:133:1,0.14
Coris,julis,53.75,-2.75,7500:132:4,0.11
Coris,julis,53.25,-2.75,7500:132:2,0.14
Coris,julis,53.75,-0.75,7500:130:4,0.05
Coris,julis,53.75,-0.25,7500:130:3,0.04
Coris,julis,52.75,-3.75,7500:123:4,0.19
Coris,julis,49.75,-9.75,7400:499:4,0.19
Coris,julis,49.25,-9.25,7400:499:1,0.16
Coris,julis,49.25,-7.75,7400:497:2,0.16
Coris,julis,49.25,-6.25,7400:496:1,0.09
Coris,julis,49.25,-5.75,7400:495:2,0.12
Coris,julis,49.25,-5.25,7400:495:1,0.18
Coris,julis,48.75,-9.25,7400:489:3,0.16
Coris,julis,48.25,-7.25,7400:487:1,0.14
Coris,julis,48.75,-6.75,7400:486:4,0.13
Coris,julis,48.75,-6.25,7400:486:3,0.12
Coris,julis,47.25,-4.75,7400:374:2,0.13
Coris,julis,34.25,-7.75,7300:247:2,0.02
Coris,julis,29.25,-11.75,7201:391:2,0.12
Coris,julis,21.75,-17.25,7201:217:3,0.04
Coris,julis,21.25,-17.75,7201:217:2,0.19
Coris,julis,21.25,-16.75,7201:216:2,0.04
Coris,julis,20.75,-17.25,7201:207:3,0.06
Coris,julis,16.25,-24.25,7102:364:1,0.17
Coris,julis,19.75,-17.25,7101:497:3,0.17
Coris,julis,57.75,9.25,1500:479:3,0.04
Coris,julis,57.25,9.25,1500:479:1,0.03
Coris,julis,57.75,8.75,1500:478:4,0.03
Coris,julis,57.75,8.25,1500:478:3,0.01
Coris,julis,57.25,8.75,1500:478:2,0.04
Coris,julis,57.25,8.25,1500:478:1,0.04
Coris,julis,57.75,7.75,1500:477:4,0.01
Coris,julis,57.75,7.25,1500:477:3,0.01
Coris,julis,57.25,7.75,1500:477:2,0.04
Coris,julis,57.25,7.25,1500:477:1,0.04
Coris,julis,57.75,6.25,1500:476:3,0.01
Coris,julis,57.25,6.75,1500:476:2,0.03
Coris,julis,57.25,6.25,1500:476:1,0.02
Coris,julis,57.75,5.75,1500:475:4,0.01
Coris,julis,57.75,5.25,1500:475:3,0.01
Coris,julis,57.25,5.75,1500:475:2,0.01
Coris,julis,57.25,5.25,1500:475:1,0.01
Coris,julis,56.75,8.75,1500:468:4,0.03
Coris,julis,56.75,8.25,1500:468:3,0.04
Coris,julis,56.25,8.25,1500:468:1,0.03
Coris,julis,56.75,7.75,1500:467:4,0.05
Coris,julis,56.75,7.25,1500:467:3,0.05
Coris,julis,56.25,7.75,1500:467:2,0.05
Coris,julis,56.25,7.25,1500:467:1,0.07
Coris,julis,56.75,6.75,1500:466:4,0.05
Coris,julis,56.75,6.25,1500:466:3,0.05
Coris,julis,56.25,6.75,1500:466:2,0.08
Coris,julis,56.25,6.25,1500:466:1,0.08
Coris,julis,56.75,5.75,1500:465:4,0.03
Coris,julis,56.75,5.25,1500:465:3,0.02
Coris,julis,56.25,5.75,1500:465:2,0.07
Coris,julis,56.25,5.25,1500:465:1,0.04
Coris,julis,55.25,8.25,1500:458:1,0.06
Coris,julis,55.75,7.75,1500:457:4,0.05
Coris,julis,55.75,7.25,1500:457:3,0.07
Coris,julis,55.25,7.75,1500:457:2,0.07
Coris,julis,55.25,7.25,1500:457:1,0.09
Coris,julis,55.75,6.75,1500:456:4,0.10
Coris,julis,55.75,6.25,1500:456:3,0.11
Coris,julis,55.25,6.75,1500:456:2,0.12
Coris,julis,55.25,6.25,1500:456:1,0.13
Coris,julis,55.75,5.75,1500:455:4,0.09
Coris,julis,55.75,5.25,1500:455:3,0.06
Coris,julis,55.25,5.75,1500:455:2,0.11
Coris,julis,55.25,5.25,1500:455:1,0.09
Coris,julis,57.75,4.75,1500:374:4,0.01
Coris,julis,57.25,2.25,1500:372:1,0.01
Coris,julis,57.75,1.75,1500:371:4,0.01
Coris,julis,57.75,1.25,1500:371:3,0.01
Coris,julis,57.25,1.75,1500:371:2,0.01
Coris,julis,57.25,1.25,1500:371:1,0.02
Coris,julis,57.75,0.75,1500:370:4,0.01
Coris,julis,57.25,0.75,1500:370:2,0.01
Coris,julis,57.25,0.25,1500:370:1,0.01
Coris,julis,56.75,4.75,1500:364:4,0.01
Coris,julis,56.75,4.25,1500:364:3,0.01
Coris,julis,56.25,4.75,1500:364:2,0.03
Coris,julis,56.25,4.25,1500:364:1,0.03
Coris,julis,56.75,3.75,1500:363:4,0.01
Coris,julis,56.75,3.25,1500:363:3,0.01
Coris,julis,56.25,3.75,1500:363:2,0.03
Coris,julis,56.25,3.25,1500:363:1,0.03
Coris,julis,56.75,2.75,1500:362:4,0.02
Coris,julis,56.75,2.25,1500:362:3,0.02
Coris,julis,56.25,2.75,1500:362:2,0.04
Coris,julis,56.25,2.25,1500:362:1,0.04
Coris,julis,56.75,1.75,1500:361:4,0.02
Coris,julis,56.75,1.25,1500:361:3,0.02
Coris,julis,56.25,1.75,1500:361:2,0.04
Coris,julis,56.25,1.25,1500:361:1,0.04
Coris,julis,56.75,0.75,1500:360:4,0.02
Coris,julis,56.75,0.25,1500:360:3,0.02
Coris,julis,56.25,0.75,1500:360:2,0.03
Coris,julis,56.25,0.25,1500:360:1,0.03
Coris,julis,55.75,4.75,1500:354:4,0.05
Coris,julis,55.75,4.25,1500:354:3,0.04
Coris,julis,55.25,4.75,1500:354:2,0.08
Coris,julis,55.25,4.25,1500:354:1,0.07
Coris,julis,55.75,3.75,1500:353:4,0.04
Coris,julis,55.75,3.25,1500:353:3,0.05
Coris,julis,55.25,3.75,1500:353:2,0.07
Coris,julis,55.25,3.25,1500:353:1,0.06
Coris,julis,55.75,2.75,1500:352:4,0.05
Coris,julis,55.75,2.25,1500:352:3,0.06
Coris,julis,55.25,2.75,1500:352:2,0.06
Coris,julis,55.25,2.25,1500:352:1,0.06
Coris,julis,55.75,1.75,1500:351:4,0.06
Coris,julis,55.75,1.25,1500:351:3,0.06
Coris,julis,55.25,1.75,1500:351:2,0.06
Coris,julis,55.25,1.25,1500:351:1,0.06
Coris,julis,55.75,0.75,1500:350:4,0.06
Coris,julis,55.75,0.25,1500:350:3,0.06
Coris,julis,55.25,0.75,1500:350:2,0.07
Coris,julis,55.25,0.25,1500:350:1,0.07
Coris,julis,54.75,8.25,1500:248:3,0.08
Coris,julis,54.25,8.25,1500:248:1,0.12
Coris,julis,54.75,7.75,1500:247:4,0.09
Coris,julis,54.75,7.25,1500:247:3,0.11
Coris,julis,54.25,7.75,1500:247:2,0.12
Coris,julis,54.25,7.25,1500:247:1,0.13
Coris,julis,54.75,6.75,1500:246:4,0.14
Coris,julis,54.75,6.25,1500:246:3,0.15
Coris,julis,54.25,6.75,1500:246:2,0.15
Coris,julis,54.25,6.25,1500:246:1,0.16
Coris,julis,54.75,5.75,1500:245:4,0.14
Coris,julis,54.75,5.25,1500:245:3,0.13
Coris,julis,54.25,5.75,1500:245:2,0.17
Coris,julis,54.25,5.25,1500:245:1,0.17
Coris,julis,53.75,8.25,1500:238:3,0.13
Coris,julis,53.75,7.75,1500:237:4,0.12
Coris,julis,53.75,7.25,1500:237:3,0.13
Coris,julis,53.75,6.75,1500:236:4,0.14
Coris,julis,53.75,6.25,1500:236:3,0.16
Coris,julis,53.25,6.25,1500:236:1,0.16
Coris,julis,53.75,5.75,1500:235:4,0.18
Coris,julis,53.75,5.25,1500:235:3,0.19
Coris,julis,53.25,5.75,1500:235:2,0.18
Coris,julis,53.25,5.25,1500:235:1,0.18
Coris,julis,52.75,5.75,1500:225:4,0.16
Coris,julis,52.75,5.25,1500:225:3,0.19
Coris,julis,52.25,5.25,1500:225:1,0.15
Coris,julis,54.75,4.75,1500:144:4,0.13
Coris,julis,54.75,4.25,1500:144:3,0.12
Coris,julis,54.25,4.75,1500:144:2,0.17
Coris,julis,54.25,4.25,1500:144:1,0.16
Coris,julis,54.75,3.75,1500:143:4,0.10
Coris,julis,54.75,3.25,1500:143:3,0.09
Coris,julis,54.25,3.75,1500:143:2,0.14
Coris,julis,54.25,3.25,1500:143:1,0.12
Coris,julis,54.75,2.75,1500:142:4,0.09
Coris,julis,54.75,2.25,1500:142:3,0.08
Coris,julis,54.25,2.75,1500:142:2,0.11
Coris,julis,54.25,2.25,1500:142:1,0.09
Coris,julis,54.75,1.75,1500:141:4,0.07
Coris,julis,54.75,1.25,1500:141:3,0.06
Coris,julis,54.25,1.75,1500:141:2,0.06
Coris,julis,54.25,1.25,1500:141:1,0.03
Coris,julis,54.75,0.75,1500:140:4,0.07
Coris,julis,54.75,0.25,1500:140:3,0.07
Coris,julis,54.25,0.75,1500:140:2,0.02
Coris,julis,54.25,0.25,1500:140:1,0.02
Coris,julis,53.75,4.75,1500:134:4,0.19
Coris,julis,53.75,4.25,1500:134:3,0.18
Coris,julis,53.75,3.75,1500:133:4,0.16
Coris,julis,53.75,3.25,1500:133:3,0.14
Coris,julis,53.25,3.75,1500:133:2,0.19
Coris,julis,53.25,3.25,1500:133:1,0.18
Coris,julis,53.75,2.75,1500:132:4,0.11
Coris,julis,53.75,2.25,1500:132:3,0.09
Coris,julis,53.25,2.75,1500:132:2,0.15
Coris,julis,53.25,2.25,1500:132:1,0.12
Coris,julis,53.75,1.75,1500:131:4,0.06
Coris,julis,53.75,1.25,1500:131:3,0.03
Coris,julis,53.25,1.75,1500:131:2,0.09
Coris,julis,53.25,1.25,1500:131:1,0.07
Coris,julis,53.75,0.75,1500:130:4,0.01
Coris,julis,53.25,0.75,1500:130:2,0.07
Coris,julis,53.25,0.25,1500:130:1,0.06
Coris,julis,52.75,4.75,1500:124:4,0.19
Coris,julis,52.25,4.75,1500:124:2,0.16
Coris,julis,52.25,4.25,1500:124:1,0.14
Coris,julis,52.75,2.25,1500:122:3,0.15
Coris,julis,52.75,1.75,1500:121:4,0.12
Coris,julis,52.75,1.25,1500:121:3,0.12
Coris,julis,52.25,1.25,1500:121:1,0.19
Coris,julis,52.75,0.75,1500:120:4,0.12
Coris,julis,52.75,0.25,1500:120:3,0.08
Coris,julis,51.75,4.75,1500:114:4,0.17
Coris,julis,51.75,4.25,1500:114:3,0.15
Coris,julis,51.75,3.75,1500:113:4,0.18
Coris,julis,45.75,35.75,1403:455:4,0.02
Coris,julis,45.75,35.25,1403:455:3,0.02
Coris,julis,45.25,35.75,1403:455:2,0.03
Coris,julis,45.25,35.25,1403:455:1,0.03
Coris,julis,45.25,33.75,1403:353:2,0.02
Coris,julis,45.25,33.25,1403:353:1,0.05
Coris,julis,45.25,32.75,1403:352:2,0.05
Coris,julis,45.25,32.25,1403:352:1,0.05
Coris,julis,45.75,31.75,1403:351:4,0.02
Coris,julis,45.75,31.25,1403:351:3,0.02
Coris,julis,45.25,31.75,1403:351:2,0.05
Coris,julis,45.25,31.25,1403:351:1,0.04
Coris,julis,45.25,30.75,1403:350:2,0.02
Coris,julis,44.75,35.75,1403:245:4,0.05
Coris,julis,44.75,35.25,1403:245:3,0.05
Coris,julis,42.25,35.25,1403:225:1,0.07
Coris,julis,41.75,35.75,1403:215:4,0.07
Coris,julis,41.75,35.25,1403:215:3,0.07
Coris,julis,44.75,34.75,1403:144:4,0.06
Coris,julis,44.75,34.25,1403:144:3,0.05
Coris,julis,44.25,34.25,1403:144:1,0.07
Coris,julis,44.75,33.75,1403:143:4,0.05
Coris,julis,44.75,33.25,1403:143:3,0.06
Coris,julis,44.25,33.75,1403:143:2,0.07
Coris,julis,44.25,33.25,1403:143:1,0.07
Coris,julis,44.75,32.25,1403:142:3,0.01
Coris,julis,44.75,31.75,1403:141:4,0.01
Coris,julis,44.75,31.25,1403:141:3,0.03
Coris,julis,44.75,30.75,1403:140:4,0.02
Coris,julis,44.25,30.75,1403:140:2,0.03
Coris,julis,44.25,30.25,1403:140:1,0.01
Coris,julis,43.75,30.25,1403:130:3,0.05
Coris,julis,42.25,34.75,1403:124:2,0.07
Coris,julis,42.25,34.25,1403:124:1,0.07
Coris,julis,42.25,33.75,1403:123:2,0.07
Coris,julis,42.25,33.25,1403:123:1,0.07
Coris,julis,41.75,34.75,1403:114:4,0.10
Coris,julis,41.75,34.25,1403:114:3,0.12
Coris,julis,41.75,33.25,1403:113:3,0.12
Coris,julis,41.75,32.75,1403:112:4,0.10
Coris,julis,41.75,32.25,1403:112:3,0.07
Coris,julis,41.75,31.75,1403:111:4,0.07
Coris,julis,41.75,31.25,1403:111:3,0.03
Coris,julis,41.25,31.75,1403:111:2,0.13
Coris,julis,41.25,31.25,1403:111:1,0.07
Coris,julis,41.25,30.75,1403:110:2,0.07
Coris,julis,41.25,30.25,1403:110:1,0.07
Coris,julis,43.75,29.75,1402:239:4,0.02
Coris,julis,43.25,28.75,1402:238:2,0.01
Coris,julis,42.75,28.25,1402:228:3,0.02
Coris,julis,42.25,28.25,1402:228:1,0.03
Coris,julis,42.75,27.75,1402:227:4,0.01
Coris,julis,42.25,27.75,1402:227:2,0.02
Coris,julis,42.25,27.25,1402:227:1,0.18
Coris,julis,41.75,29.25,1402:219:3,0.02
Coris,julis,41.25,29.75,1402:219:2,0.07
Coris,julis,41.25,29.25,1402:219:1,0.07
Coris,julis,41.75,28.75,1402:218:4,0.04
Coris,julis,41.75,28.25,1402:218:3,0.03
Coris,julis,41.25,28.75,1402:218:2,0.12
Coris,julis,41.25,28.25,1402:218:1,0.17
Coris,julis,40.75,29.75,1402:209:4,0.18
Coris,julis,44.75,12.25,1401:142:3,0.03
Coris,julis,35.25,35.75,1303:455:2,0.19
Coris,julis,36.75,34.75,1303:364:4,0.19
Coris,julis,36.25,34.75,1303:364:2,0.07
Coris,julis,36.25,34.25,1303:364:1,0.10
Coris,julis,36.25,33.75,1303:363:2,0.09
Coris,julis,36.25,33.25,1303:363:1,0.17
Coris,julis,36.25,32.75,1303:362:2,0.16
Coris,julis,36.25,32.25,1303:362:1,0.04
Coris,julis,36.75,31.25,1303:361:3,0.05
Coris,julis,36.75,30.75,1303:360:4,0.06
Coris,julis,36.25,30.75,1303:360:2,0.02
Coris,julis,36.25,30.25,1303:360:1,0.01
Coris,julis,35.75,34.75,1303:354:4,0.08
Coris,julis,35.75,34.25,1303:354:3,0.06
Coris,julis,35.25,34.25,1303:354:1,0.05
Coris,julis,35.25,33.75,1303:353:2,0.06
Coris,julis,35.25,33.25,1303:353:1,0.05
Coris,julis,34.75,34.25,1303:144:3,0.08
Coris,julis,34.75,33.75,1303:143:4,0.06
Coris,julis,34.75,33.25,1303:143:3,0.07
Coris,julis,34.75,32.75,1303:142:4,0.04
Coris,julis,34.75,32.25,1303:142:3,0.04
Coris,julis,32.25,31.75,1303:121:2,0.16
Coris,julis,32.25,31.25,1303:121:1,0.13
Coris,julis,32.25,30.25,1303:120:1,0.13
Coris,julis,36.25,29.75,1302:469:2,0.02
Coris,julis,36.25,29.25,1302:469:1,0.04
Coris,julis,36.75,28.75,1302:468:4,0.05
Coris,julis,36.75,28.25,1302:468:3,0.03
Coris,julis,36.25,28.25,1302:468:1,0.03
Coris,julis,36.75,27.75,1302:467:4,0.04
Coris,julis,36.75,27.25,1302:467:3,0.10
Coris,julis,36.25,27.75,1302:467:2,0.08
Coris,julis,36.25,27.25,1302:467:1,0.16
Coris,julis,35.75,27.75,1302:457:4,0.08
Coris,julis,35.75,27.25,1302:457:3,0.19
Coris,julis,31.75,29.75,1302:219:4,0.04
Coris,julis,35.75,13.25,1301:353:3,0.07
Coris,julis,35.25,13.75,1301:353:2,0.02
Coris,julis,34.25,14.75,1301:144:2,0.03
Coris,julis,0.75,8.75,1000:208:4,0.07
Coris,julis,54.25,-10.25,7501:140:1,0.21
Coris,julis,53.75,-10.25,7501:130:3,0.21
Coris,julis,53.25,-10.75,7501:130:2,0.22
Coris,julis,53.25,-10.25,7501:130:1,0.25
Coris,julis,52.75,-10.25,7501:120:3,0.27
Coris,julis,52.25,-10.75,7501:120:2,0.27
Coris,julis,52.25,-10.25,7501:120:1,0.24
Coris,julis,51.75,-10.75,7501:110:4,0.29
Coris,julis,51.75,-10.25,7501:110:3,0.24
Coris,julis,51.25,-10.25,7501:110:1,0.24
Coris,julis,50.75,-10.25,7501:100:3,0.22
Coris,julis,55.75,-9.25,7500:459:3,0.22
Coris,julis,55.25,-9.75,7500:459:2,0.24
Coris,julis,55.25,-9.25,7500:459:1,0.22
Coris,julis,55.25,-8.75,7500:458:2,0.20
Coris,julis,54.75,-9.75,7500:249:4,0.23
Coris,julis,54.75,-9.25,7500:249:3,0.21
Coris,julis,54.25,-9.75,7500:249:2,0.20
Coris,julis,54.25,-9.25,7500:249:1,0.20
Coris,julis,53.25,-9.75,7500:239:2,0.23
Coris,julis,53.25,-9.25,7500:239:1,0.22
Coris,julis,53.25,-8.75,7500:238:2,0.22
Coris,julis,52.75,-9.75,7500:229:4,0.25
Coris,julis,52.75,-9.25,7500:229:3,0.24
Coris,julis,52.25,-9.75,7500:229:2,0.24
Coris,julis,52.75,-8.75,7500:228:4,0.24
Coris,julis,52.25,-7.75,7500:227:2,0.25
Coris,julis,52.25,-7.25,7500:227:1,0.24
Coris,julis,52.25,-6.75,7500:226:2,0.22
Coris,julis,52.25,-5.75,7500:225:2,0.20
Coris,julis,52.25,-5.25,7500:225:1,0.21
Coris,julis,51.75,-9.75,7500:219:4,0.23
Coris,julis,51.75,-9.25,7500:219:3,0.26
Coris,julis,51.25,-9.75,7500:219:2,0.28
Coris,julis,51.25,-9.25,7500:219:1,0.29
Coris,julis,51.75,-8.75,7500:218:4,0.27
Coris,julis,51.75,-8.25,7500:218:3,0.26
Coris,julis,51.25,-8.75,7500:218:2,0.27
Coris,julis,51.25,-8.25,7500:218:1,0.20
Coris,julis,51.75,-7.75,7500:217:4,0.27
Coris,julis,51.75,-7.25,7500:217:3,0.28
Coris,julis,51.25,-7.25,7500:217:1,0.21
Coris,julis,51.75,-6.75,7500:216:4,0.27
Coris,julis,51.75,-6.25,7500:216:3,0.28
Coris,julis,51.25,-6.75,7500:216:2,0.26
Coris,julis,51.75,-5.75,7500:215:4,0.27
Coris,julis,51.75,-5.25,7500:215:3,0.24
Coris,julis,51.25,-5.75,7500:215:2,0.26
Coris,julis,51.25,-5.25,7500:215:1,0.33
Coris,julis,50.75,-9.75,7500:209:4,0.33
Coris,julis,50.75,-9.25,7500:209:3,0.20
Coris,julis,50.25,-9.75,7500:209:2,0.23
Coris,julis,50.25,-9.25,7500:209:1,0.38
Coris,julis,50.75,-8.75,7500:208:4,0.25
Coris,julis,50.75,-8.25,7500:208:3,0.32
Coris,julis,50.25,-8.75,7500:208:2,0.31
Coris,julis,50.25,-8.25,7500:208:1,0.35
Coris,julis,50.75,-7.75,7500:207:4,0.24
Coris,julis,50.75,-7.25,7500:207:3,0.27
Coris,julis,50.25,-7.75,7500:207:2,0.23
Coris,julis,50.25,-7.25,7500:207:1,0.20
Coris,julis,50.75,-6.75,7500:206:4,0.20
Coris,julis,50.75,-6.25,7500:206:3,0.24
Coris,julis,50.25,-6.75,7500:206:2,0.27
Coris,julis,50.25,-6.25,7500:206:1,0.35
Coris,julis,50.75,-5.75,7500:205:4,0.34
Coris,julis,50.75,-5.25,7500:205:3,0.36
Coris,julis,50.25,-5.75,7500:205:2,0.32
Coris,julis,50.25,-5.25,7500:205:1,0.33
Coris,julis,52.75,-4.75,7500:124:4,0.20
Coris,julis,52.75,-4.25,7500:124:3,0.22
Coris,julis,52.25,-4.75,7500:124:2,0.22
Coris,julis,52.25,-4.25,7500:124:1,0.23
Coris,julis,51.75,-4.75,7500:114:4,0.26
Coris,julis,51.75,-4.25,7500:114:3,0.25
Coris,julis,51.25,-4.75,7500:114:2,0.30
Coris,julis,51.25,-4.25,7500:114:1,0.25
Coris,julis,51.75,-3.75,7500:113:4,0.23
Coris,julis,51.75,-3.25,7500:113:3,0.23
Coris,julis,51.25,-3.75,7500:113:2,0.20
Coris,julis,51.25,-3.25,7500:113:1,0.24
Coris,julis,51.75,-2.75,7500:112:4,0.24
Coris,julis,51.75,-2.25,7500:112:3,0.24
Coris,julis,51.25,-2.75,7500:112:2,0.27
Coris,julis,50.75,-4.75,7500:104:4,0.34
Coris,julis,50.25,-4.75,7500:104:2,0.36
Coris,julis,50.25,-4.25,7500:104:1,0.35
Coris,julis,50.75,-3.25,7500:103:3,0.31
Coris,julis,50.25,-3.75,7500:103:2,0.34
Coris,julis,50.25,-3.25,7500:103:1,0.34
Coris,julis,50.75,-2.75,7500:102:4,0.31
Coris,julis,50.75,-2.25,7500:102:3,0.32
Coris,julis,50.25,-2.75,7500:102:2,0.33
Coris,julis,50.25,-2.25,7500:102:1,0.34
Coris,julis,50.75,-1.75,7500:101:4,0.32
Coris,julis,50.75,-1.25,7500:101:3,0.32
Coris,julis,50.25,-1.75,7500:101:2,0.34
Coris,julis,50.25,-1.25,7500:101:1,0.34
Coris,julis,50.75,-0.75,7500:100:4,0.32
Coris,julis,50.75,-0.25,7500:100:3,0.32
Coris,julis,50.25,-0.75,7500:100:2,0.34
Coris,julis,50.25,-0.25,7500:100:1,0.34
Coris,julis,49.25,-9.75,7400:499:2,0.27
Coris,julis,49.25,-8.25,7400:498:1,0.25
Coris,julis,49.75,-7.75,7400:497:4,0.38
Coris,julis,49.75,-7.25,7400:497:3,0.25
Coris,julis,49.25,-7.25,7400:497:1,0.31
Coris,julis,49.75,-6.75,7400:496:4,0.30
Coris,julis,49.75,-6.25,7400:496:3,0.38
Coris,julis,49.25,-6.75,7400:496:2,0.38
Coris,julis,49.75,-5.75,7400:495:4,0.35
Coris,julis,49.75,-5.25,7400:495:3,0.38
Coris,julis,48.75,-7.75,7400:487:4,0.24
Coris,julis,48.75,-7.25,7400:487:3,0.24
Coris,julis,48.75,-5.75,7400:485:4,0.28
Coris,julis,48.75,-5.25,7400:485:3,0.39
Coris,julis,47.75,-6.25,7400:476:3,0.25
Coris,julis,47.25,-5.25,7400:475:1,0.31
Coris,julis,49.75,-4.75,7400:394:4,0.33
Coris,julis,49.75,-4.25,7400:394:3,0.33
Coris,julis,49.25,-4.75,7400:394:2,0.39
Coris,julis,49.25,-4.25,7400:394:1,0.38
Coris,julis,49.75,-3.75,7400:393:4,0.36
Coris,julis,49.75,-3.25,7400:393:3,0.36
Coris,julis,49.25,-3.75,7400:393:2,0.39
Coris,julis,49.75,-2.75,7400:392:4,0.36
Coris,julis,49.75,-2.25,7400:392:3,0.36
Coris,julis,49.25,-2.75,7400:392:2,0.39
Coris,julis,49.25,-2.25,7400:392:1,0.39
Coris,julis,49.75,-1.75,7400:391:4,0.36
Coris,julis,49.75,-1.25,7400:391:3,0.36
Coris,julis,49.25,-1.75,7400:391:2,0.39
Coris,julis,49.25,-1.25,7400:391:1,0.39
Coris,julis,49.75,-0.75,7400:390:4,0.36
Coris,julis,49.75,-0.25,7400:390:3,0.36
Coris,julis,49.25,-0.75,7400:390:2,0.38
Coris,julis,49.25,-0.25,7400:390:1,0.37
Coris,julis,48.75,-4.75,7400:384:4,0.35
Coris,julis,48.75,-4.25,7400:384:3,0.36
Coris,julis,48.75,-3.75,7400:383:4,0.38
Coris,julis,47.25,-4.25,7400:374:1,0.23
Coris,julis,47.25,-3.75,7400:373:2,0.36
Coris,julis,47.75,-2.25,7400:372:3,0.39
Coris,julis,47.25,-2.25,7400:372:1,0.32
Coris,julis,46.75,-4.25,7400:364:3,0.38
Coris,julis,46.75,-3.75,7400:363:4,0.21
Coris,julis,31.75,-10.25,7301:110:3,0.37
Coris,julis,33.75,-8.75,7300:238:4,0.30
Coris,julis,22.25,-17.25,7201:227:1,0.28
Coris,julis,22.25,-16.75,7201:226:2,0.38
Coris,julis,21.75,-16.75,7201:216:4,0.24
Coris,julis,19.25,-16.75,7101:496:2,0.34
Coris,julis,19.25,-16.25,7101:496:1,0.25
Coris,julis,18.25,-16.25,7101:486:1,0.28
Coris,julis,17.25,-16.25,7101:476:1,0.39
Coris,julis,53.25,4.75,1500:134:2,0.20
Coris,julis,53.25,4.25,1500:134:1,0.20
Coris,julis,52.75,4.25,1500:124:3,0.21
Coris,julis,52.75,3.75,1500:123:4,0.22
Coris,julis,52.75,3.25,1500:123:3,0.22
Coris,julis,52.25,3.75,1500:123:2,0.21
Coris,julis,52.25,3.25,1500:123:1,0.25
Coris,julis,52.75,2.75,1500:122:4,0.20
Coris,julis,52.25,2.75,1500:122:2,0.25
Coris,julis,52.25,2.25,1500:122:1,0.22
Coris,julis,52.25,1.75,1500:121:2,0.20
Coris,julis,51.25,4.25,1500:114:1,0.24
Coris,julis,51.75,3.25,1500:113:3,0.24
Coris,julis,51.25,3.75,1500:113:2,0.24
Coris,julis,51.25,3.25,1500:113:1,0.27
Coris,julis,51.75,2.75,1500:112:4,0.29
Coris,julis,51.75,2.25,1500:112:3,0.29
Coris,julis,51.25,2.75,1500:112:2,0.30
Coris,julis,51.25,2.25,1500:112:1,0.31
Coris,julis,51.75,1.75,1500:111:4,0.27
Coris,julis,51.75,1.25,1500:111:3,0.25
Coris,julis,51.25,1.75,1500:111:2,0.30
Coris,julis,51.25,1.25,1500:111:1,0.29
Coris,julis,51.75,0.75,1500:110:4,0.23
Coris,julis,51.25,0.75,1500:110:2,0.28
Coris,julis,51.25,0.25,1500:110:1,0.27
Coris,julis,50.75,1.75,1500:101:4,0.32
Coris,julis,50.75,1.25,1500:101:3,0.32
Coris,julis,50.25,1.75,1500:101:2,0.34
Coris,julis,50.25,1.25,1500:101:1,0.31
Coris,julis,50.75,0.75,1500:100:4,0.32
Coris,julis,50.75,0.25,1500:100:3,0.31
Coris,julis,50.25,0.75,1500:100:2,0.34
Coris,julis,50.25,0.25,1500:100:1,0.35
Coris,julis,41.25,27.75,1402:217:2,0.25
Coris,julis,40.75,29.25,1402:209:3,0.32
Coris,julis,40.75,28.75,1402:208:4,0.22
Coris,julis,40.75,28.25,1402:208:3,0.30
Coris,julis,40.75,27.75,1402:207:4,0.39
Coris,julis,45.25,12.25,1401:352:1,0.20
Coris,julis,41.25,18.75,1401:218:2,0.20
Coris,julis,41.75,16.75,1401:216:4,0.23
Coris,julis,44.75,12.75,1401:142:4,0.39
Coris,julis,49.75,1.25,1400:391:3,0.37
Coris,julis,49.75,0.75,1400:390:4,0.36
Coris,julis,49.75,0.25,1400:390:3,0.33
Coris,julis,49.25,0.25,1400:390:1,0.39
Coris,julis,36.25,35.75,1303:465:2,0.38
Coris,julis,36.25,35.25,1303:465:1,0.22
Coris,julis,35.75,35.75,1303:455:4,0.23
Coris,julis,34.75,35.75,1303:245:4,0.20
Coris,julis,33.75,35.25,1303:235:3,0.36
Coris,julis,32.25,30.75,1303:120:2,0.27
Coris,julis,31.75,33.75,1303:113:4,0.20
Coris,julis,37.25,27.25,1302:477:1,0.21
Coris,julis,37.25,26.75,1302:476:2,0.25
Coris,julis,36.75,26.75,1302:466:4,0.23
Coris,julis,36.25,26.75,1302:466:2,0.33
Coris,julis,35.25,27.25,1302:457:1,0.22
Coris,julis,35.75,26.75,1302:456:4,0.21
Coris,julis,35.25,26.75,1302:456:2,0.35
Coris,julis,34.75,25.75,1302:245:4,0.24
Coris,julis,34.75,25.25,1302:245:3,0.37
Coris,julis,31.75,27.25,1302:217:3,0.29
Coris,julis,31.75,26.75,1302:216:4,0.39
Coris,julis,38.25,11.75,1301:381:2,0.24
Coris,julis,3.25,10.25,1001:130:1,0.37
Coris,julis,3.75,9.75,1000:239:4,0.35
Coris,julis,3.75,9.25,1000:239:3,0.34
Coris,julis,3.25,9.75,1000:239:2,0.31
Coris,julis,2.75,9.75,1000:229:4,0.35
Coris,julis,2.25,9.75,1000:229:2,0.36
Coris,julis,50.25,-10.25,7501:100:1,0.41
Coris,julis,49.75,-10.75,7401:390:4,0.45
Coris,julis,49.75,-10.25,7401:390:3,0.43
Coris,julis,49.25,-10.75,7401:390:2,0.46
Coris,julis,49.25,-10.25,7401:390:1,0.45
Coris,julis,49.75,-9.25,7400:499:3,0.41
Coris,julis,49.75,-8.75,7400:498:4,0.42
Coris,julis,49.75,-8.25,7400:498:3,0.41
Coris,julis,49.25,-8.75,7400:498:2,0.46
Coris,julis,48.75,-8.75,7400:488:4,0.43
Coris,julis,48.75,-8.25,7400:488:3,0.49
Coris,julis,48.25,-6.75,7400:486:2,0.51
Coris,julis,48.25,-6.25,7400:486:1,0.51
Coris,julis,48.25,-5.75,7400:485:2,0.46
Coris,julis,48.25,-5.25,7400:485:1,0.42
Coris,julis,47.75,-7.25,7400:477:3,0.48
Coris,julis,47.75,-5.25,7400:475:3,0.51
Coris,julis,49.25,-3.25,7400:393:1,0.40
Coris,julis,48.25,-4.75,7400:384:2,0.40
Coris,julis,48.25,-4.25,7400:384:1,0.40
Coris,julis,48.75,-3.25,7400:383:3,0.40
Coris,julis,48.75,-2.75,7400:382:4,0.40
Coris,julis,48.75,-2.25,7400:382:3,0.41
Coris,julis,48.75,-1.75,7400:381:4,0.42
Coris,julis,48.75,-1.25,7400:381:3,0.42
Coris,julis,47.75,-4.75,7400:374:4,0.49
Coris,julis,47.75,-4.25,7400:374:3,0.50
Coris,julis,47.75,-3.75,7400:373:4,0.51
Coris,julis,47.75,-3.25,7400:373:3,0.49
Coris,julis,47.25,-3.25,7400:373:1,0.54
Coris,julis,47.75,-2.75,7400:372:4,0.47
Coris,julis,47.25,-2.75,7400:372:2,0.45
Coris,julis,47.25,-1.75,7400:371:2,0.48
Coris,julis,46.75,-3.25,7400:363:3,0.57
Coris,julis,46.25,-3.25,7400:363:1,0.47
Coris,julis,46.75,-2.25,7400:362:3,0.57
Coris,julis,46.75,-1.75,7400:361:4,0.55
Coris,julis,45.75,-2.75,7400:352:4,0.50
Coris,julis,44.25,-7.25,7400:247:1,0.43
Coris,julis,44.25,-1.75,7400:141:2,0.46
Coris,julis,36.75,-11.75,7301:361:4,0.57
Coris,julis,39.75,-9.75,7300:499:4,0.41
Coris,julis,37.75,-0.25,7300:370:3,0.47
Coris,julis,36.25,-2.75,7300:362:2,0.55
Coris,julis,35.75,-3.25,7300:353:3,0.43
Coris,julis,33.25,-9.25,7300:239:1,0.45
Coris,julis,23.25,-17.25,7201:237:1,0.44
Coris,julis,22.75,-16.75,7201:226:4,0.52
Coris,julis,20.75,-17.75,7201:207:4,0.41
Coris,julis,20.25,-17.75,7201:207:2,0.41
Coris,julis,19.75,-16.75,7101:496:4,0.56
Coris,julis,19.75,-16.25,7101:496:3,0.51
Coris,julis,18.75,-16.75,7101:486:4,0.42
Coris,julis,17.75,-16.25,7101:476:3,0.41
Coris,julis,16.75,-16.75,7101:466:4,0.52
Coris,julis,16.75,-16.25,7101:466:3,0.45
Coris,julis,16.25,-16.75,7101:466:2,0.50
Coris,julis,16.25,-16.25,7101:466:1,0.49
Coris,julis,15.75,-16.75,7101:456:4,0.56
Coris,julis,15.75,-16.25,7101:456:3,0.54
Coris,julis,7.25,-13.75,7001:373:2,0.49
Coris,julis,4.75,-6.75,7000:246:4,0.57
Coris,julis,4.75,-6.25,7000:246:3,0.52
Coris,julis,4.75,-0.25,7000:140:3,0.55
Coris,julis,40.25,29.25,1402:209:1,0.42
Coris,julis,40.25,28.75,1402:208:2,0.48
Coris,julis,40.25,28.25,1402:208:1,0.55
Coris,julis,40.75,27.25,1402:207:3,0.47
Coris,julis,40.75,26.75,1402:206:4,0.58
Coris,julis,45.75,12.25,1401:352:3,0.57
Coris,julis,42.25,16.75,1401:226:2,0.48
Coris,julis,41.75,18.75,1401:218:4,0.47
Coris,julis,41.25,17.75,1401:217:2,0.55
Coris,julis,40.75,18.75,1401:208:4,0.43
Coris,julis,41.25,12.25,1401:112:1,0.53
Coris,julis,42.75,6.25,1400:226:3,0.47
Coris,julis,42.75,4.25,1400:124:3,0.56
Coris,julis,36.75,35.75,1303:465:4,0.43
Coris,julis,36.75,35.25,1303:465:3,0.47
Coris,julis,34.25,35.75,1303:245:2,0.46
Coris,julis,31.75,33.25,1303:113:3,0.49
Coris,julis,38.75,25.25,1302:485:3,0.45
Coris,julis,37.75,26.75,1302:476:4,0.55
Coris,julis,37.25,26.25,1302:476:1,0.42
Coris,julis,36.75,26.25,1302:466:3,0.43
Coris,julis,36.25,26.25,1302:466:1,0.53
Coris,julis,35.75,26.25,1302:456:3,0.59
Coris,julis,35.25,26.25,1302:456:1,0.59
Coris,julis,34.75,26.25,1302:246:3,0.43
Coris,julis,32.25,25.25,1302:225:1,0.51
Coris,julis,31.75,26.25,1302:216:3,0.40
Coris,julis,31.75,25.75,1302:215:4,0.45
Coris,julis,31.75,25.25,1302:215:3,0.50
Coris,julis,30.75,29.25,1302:209:3,0.55
Coris,julis,34.75,24.75,1302:144:4,0.42
Coris,julis,34.75,24.25,1302:144:3,0.48
Coris,julis,30.75,19.25,1301:209:3,0.53
Coris,julis,37.75,9.75,1300:479:4,0.47
Coris,julis,4.25,9.75,1000:249:2,0.40
Coris,julis,4.25,9.25,1000:249:1,0.41
Coris,julis,4.75,8.75,1000:248:4,0.47
Coris,julis,4.75,8.25,1000:248:3,0.49
Coris,julis,4.25,8.75,1000:248:2,0.44
Coris,julis,4.25,8.25,1000:248:1,0.54
Coris,julis,4.75,7.75,1000:247:4,0.53
Coris,julis,4.75,7.25,1000:247:3,0.57
Coris,julis,4.25,7.75,1000:247:2,0.59
Coris,julis,3.25,9.25,1000:239:1,0.49
Coris,julis,3.75,8.75,1000:238:4,0.49
Coris,julis,3.75,8.25,1000:238:3,0.58
Coris,julis,3.25,8.75,1000:238:2,0.56
Coris,julis,1.75,9.75,1000:219:4,0.45
Coris,julis,1.25,9.75,1000:219:2,0.53
Coris,julis,1.25,9.25,1000:219:1,0.57
Coris,julis,46.75,-4.75,7400:364:4,0.64
Coris,julis,46.25,-4.75,7400:364:2,0.63
Coris,julis,46.25,-4.25,7400:364:1,0.71
Coris,julis,46.25,-3.75,7400:363:2,0.73
Coris,julis,46.75,-2.75,7400:362:4,0.63
Coris,julis,46.25,-2.75,7400:362:2,0.72
Coris,julis,46.25,-2.25,7400:362:1,0.67
Coris,julis,46.25,-1.75,7400:361:2,0.62
Coris,julis,46.25,-1.25,7400:361:1,0.61
Coris,julis,45.75,-3.75,7400:353:4,0.77
Coris,julis,45.75,-3.25,7400:353:3,0.79
Coris,julis,45.25,-3.25,7400:353:1,0.65
Coris,julis,45.75,-2.25,7400:352:3,0.71
Coris,julis,45.75,-1.75,7400:351:4,0.72
Coris,julis,45.75,-1.25,7400:351:3,0.66
Coris,julis,45.25,-1.25,7400:351:1,0.67
Coris,julis,45.75,-0.75,7400:350:4,0.67
Coris,julis,45.25,-0.75,7400:350:2,0.72
Coris,julis,43.25,-9.25,7400:239:1,0.68
Coris,julis,43.75,-8.25,7400:238:3,0.70
Coris,julis,43.25,-8.75,7400:238:2,0.70
Coris,julis,43.25,-8.25,7400:238:1,0.71
Coris,julis,43.75,-7.75,7400:237:4,0.73
Coris,julis,43.75,-7.25,7400:237:3,0.75
Coris,julis,43.75,-6.75,7400:236:4,0.76
Coris,julis,43.75,-6.25,7400:236:3,0.78
Coris,julis,42.75,-9.25,7400:229:3,0.69
Coris,julis,42.25,-9.25,7400:229:1,0.74
Coris,julis,42.75,-8.75,7400:228:4,0.70
Coris,julis,42.25,-8.75,7400:228:2,0.68
Coris,julis,41.75,-9.25,7400:219:3,0.77
Coris,julis,41.75,-8.75,7400:218:4,0.66
Coris,julis,41.25,-8.75,7400:218:2,0.63
Coris,julis,40.75,-8.75,7400:208:4,0.71
Coris,julis,44.75,-1.25,7400:141:3,0.76
Coris,julis,33.25,-16.25,7301:236:1,0.71
Coris,julis,32.75,-17.25,7301:227:3,0.73
Coris,julis,32.75,-16.75,7301:226:4,0.72
Coris,julis,32.75,-16.25,7301:226:3,0.71
Coris,julis,32.25,-16.25,7301:226:1,0.72
Coris,julis,30.25,-15.75,7301:205:2,0.75
Coris,julis,36.75,-7.25,7300:467:3,0.78
Coris,julis,36.25,-6.75,7300:466:2,0.68
Coris,julis,32.75,-9.75,7300:229:4,0.62
Coris,julis,28.75,-17.75,7201:487:4,0.78
Coris,julis,28.25,-17.25,7201:487:1,0.79
Coris,julis,28.75,-16.25,7201:486:3,0.76
Coris,julis,28.25,-16.75,7201:486:2,0.79
Coris,julis,28.25,-15.75,7201:485:2,0.78
Coris,julis,28.25,-15.25,7201:485:1,0.77
Coris,julis,28.75,-14.25,7201:384:3,0.77
Coris,julis,24.75,-15.25,7201:245:3,0.75
Coris,julis,22.75,-17.25,7201:227:3,0.68
Coris,julis,22.25,-16.25,7201:226:1,0.73
Coris,julis,20.75,-16.25,7201:206:3,0.68
Coris,julis,20.25,-16.25,7201:206:1,0.77
Coris,julis,16.25,-23.25,7102:363:1,0.75
Coris,julis,15.25,-24.75,7102:354:2,0.72
Coris,julis,17.25,-16.75,7101:476:2,0.62
Coris,julis,15.25,-17.25,7101:457:1,0.76
Coris,julis,15.25,-16.75,7101:456:2,0.61
Coris,julis,14.75,-17.25,7101:247:3,0.76
Coris,julis,14.25,-17.25,7101:247:1,0.75
Coris,julis,14.25,-16.75,7101:246:2,0.67
Coris,julis,13.25,-17.75,7101:237:2,0.67
Coris,julis,13.75,-16.75,7101:236:4,0.69
Coris,julis,13.75,-16.25,7101:236:3,0.73
Coris,julis,13.25,-16.75,7101:236:2,0.79
Coris,julis,13.25,-16.25,7101:236:1,0.78
Coris,julis,13.75,-15.75,7101:235:4,0.72
Coris,julis,13.25,-15.75,7101:235:2,0.78
Coris,julis,12.25,-14.75,7101:124:2,0.79
Coris,julis,5.75,-10.75,7001:350:4,0.71
Coris,julis,5.25,-5.75,7000:455:2,0.64
Coris,julis,5.25,-5.25,7000:455:1,0.62
Coris,julis,5.25,-4.75,7000:354:2,0.61
Coris,julis,5.25,-4.25,7000:354:1,0.60
Coris,julis,5.25,-3.75,7000:353:2,0.67
Coris,julis,5.25,-3.25,7000:353:1,0.68
Coris,julis,5.25,-2.75,7000:352:2,0.70
Coris,julis,5.25,-1.75,7000:351:2,0.71
Coris,julis,5.25,-1.25,7000:351:1,0.71
Coris,julis,5.75,-0.25,7000:350:3,0.74
Coris,julis,5.25,-0.75,7000:350:2,0.71
Coris,julis,5.25,-0.25,7000:350:1,0.75
Coris,julis,4.75,-7.25,7000:247:3,0.72
Coris,julis,4.75,-5.75,7000:245:4,0.60
Coris,julis,4.75,-5.25,7000:245:3,0.69
Coris,julis,4.75,-1.75,7000:141:4,0.66
Coris,julis,4.75,-1.25,7000:141:3,0.71
Coris,julis,4.25,-0.75,7000:140:2,0.63
Coris,julis,41.25,25.25,1402:215:1,0.76
Coris,julis,40.25,27.75,1402:207:2,0.63
Coris,julis,40.25,27.25,1402:207:1,0.71
Coris,julis,40.75,26.25,1402:206:3,0.68
Coris,julis,40.25,26.75,1402:206:2,0.74
Coris,julis,40.25,26.25,1402:206:1,0.75
Coris,julis,40.75,25.75,1402:205:4,0.79
Coris,julis,45.75,12.75,1401:352:4,0.65
Coris,julis,45.25,12.75,1401:352:2,0.69
Coris,julis,44.25,12.25,1401:142:1,0.67
Coris,julis,43.25,4.75,1400:134:2,0.70
Coris,julis,42.75,3.75,1400:123:4,0.65
Coris,julis,40.25,1.25,1400:101:1,0.73
Coris,julis,33.75,35.75,1303:235:4,0.67
Coris,julis,33.25,35.25,1303:235:1,0.61
Coris,julis,32.75,35.25,1303:225:3,0.76
Coris,julis,32.75,34.75,1303:124:4,0.71
Coris,julis,31.75,32.75,1303:112:4,0.65
Coris,julis,38.25,26.75,1302:486:2,0.79
Coris,julis,37.25,27.75,1302:477:2,0.64
Coris,julis,37.75,26.25,1302:476:3,0.67
Coris,julis,36.75,29.25,1302:469:3,0.65
Coris,julis,36.75,25.75,1302:465:4,0.75
Coris,julis,36.25,25.75,1302:465:2,0.74
Coris,julis,35.25,25.75,1302:455:2,0.66
Coris,julis,35.25,25.25,1302:455:1,0.72
Coris,julis,35.25,24.75,1302:354:2,0.78
Coris,julis,35.25,24.25,1302:354:1,0.71
Coris,julis,35.25,23.75,1302:353:2,0.71
Coris,julis,31.25,28.75,1302:218:2,0.70
Coris,julis,30.75,28.75,1302:208:4,0.75
Coris,julis,32.25,24.75,1302:124:2,0.61
Coris,julis,32.25,24.25,1302:124:1,0.69
Coris,julis,32.25,23.75,1302:123:2,0.74
Coris,julis,32.25,23.25,1302:123:1,0.76
Coris,julis,39.75,17.75,1301:497:4,0.77
Coris,julis,39.25,15.75,1301:495:2,0.72
Coris,julis,36.25,15.25,1301:465:1,0.60
Coris,julis,37.25,11.75,1301:371:2,0.76
Coris,julis,36.25,14.75,1301:364:2,0.78
Coris,julis,36.75,13.25,1301:363:3,0.63
Coris,julis,32.75,15.25,1301:225:3,0.63
Coris,julis,34.75,13.25,1301:143:3,0.73
Coris,julis,34.25,13.25,1301:143:1,0.67
Coris,julis,34.25,12.75,1301:142:2,0.65
Coris,julis,38.25,0.25,1300:380:1,0.67
Coris,julis,5.75,5.75,1000:455:4,0.64
Coris,julis,5.75,5.25,1000:455:3,0.63
Coris,julis,5.25,5.75,1000:455:2,0.64
Coris,julis,5.25,5.25,1000:455:1,0.69
Coris,julis,6.25,4.75,1000:364:2,0.73
Coris,julis,6.25,4.25,1000:364:1,0.75
Coris,julis,6.25,3.75,1000:363:2,0.78
Coris,julis,5.75,4.75,1000:354:4,0.62
Coris,julis,5.75,0.25,1000:350:3,0.69
Coris,julis,4.25,7.25,1000:247:1,0.63
Coris,julis,4.75,6.75,1000:246:4,0.62
Coris,julis,4.25,6.75,1000:246:2,0.67
Coris,julis,4.25,6.25,1000:246:1,0.72
Coris,julis,4.75,5.75,1000:245:4,0.70
Coris,julis,4.75,5.25,1000:245:3,0.74
Coris,julis,4.25,5.75,1000:245:2,0.74
Coris,julis,3.25,8.25,1000:238:1,0.60
Coris,julis,3.75,7.75,1000:237:4,0.62
Coris,julis,3.75,7.25,1000:237:3,0.69
Coris,julis,3.75,6.75,1000:236:4,0.73
Coris,julis,3.75,6.25,1000:236:3,0.77
Coris,julis,2.75,8.25,1000:228:3,0.62
Coris,julis,0.75,9.75,1000:209:4,0.62
Coris,julis,0.75,9.25,1000:209:3,0.74
Coris,julis,0.25,9.75,1000:209:2,0.72
Coris,julis,0.25,9.25,1000:209:1,0.76
Coris,julis,0.25,8.75,1000:208:2,0.73
Coris,julis,45.25,-2.75,7400:352:2,0.84
Coris,julis,45.25,-2.25,7400:352:1,0.84
Coris,julis,45.25,-1.75,7400:351:2,0.80
Coris,julis,43.75,-5.75,7400:235:4,0.80
Coris,julis,43.75,-5.25,7400:235:3,0.82
Coris,julis,41.25,-9.25,7400:219:1,0.80
Coris,julis,40.75,-9.25,7400:209:3,0.84
Coris,julis,40.25,-9.25,7400:209:1,0.86
Coris,julis,40.25,-8.75,7400:208:2,0.81
Coris,julis,44.75,-2.25,7400:142:3,0.87
Coris,julis,44.75,-1.75,7400:141:4,0.84
Coris,julis,44.25,-1.25,7400:141:1,0.84
Coris,julis,43.75,-4.75,7400:134:4,0.84
Coris,julis,43.75,-4.25,7400:134:3,0.85
Coris,julis,43.25,-4.75,7400:134:2,0.86
Coris,julis,43.25,-4.25,7400:134:1,0.87
Coris,julis,43.75,-3.75,7400:133:4,0.86
Coris,julis,43.75,-3.25,7400:133:3,0.87
Coris,julis,43.25,-3.75,7400:133:2,0.89
Coris,julis,43.25,-3.25,7400:133:1,0.90
Coris,julis,43.75,-2.75,7400:132:4,0.88
Coris,julis,43.25,-2.75,7400:132:2,0.92
Coris,julis,43.25,-2.25,7400:132:1,0.93
Coris,julis,43.75,-1.75,7400:131:4,0.88
Coris,julis,43.75,-1.25,7400:131:3,0.89
Coris,julis,43.25,-1.75,7400:131:2,0.93
Coris,julis,39.75,-31.25,7303:391:3,1.00
Coris,julis,39.25,-31.25,7303:391:1,1.00
Coris,julis,39.25,-28.25,7302:498:1,1.00
Coris,julis,39.25,-27.75,7302:497:2,1.00
Coris,julis,38.75,-28.75,7302:488:4,1.00
Coris,julis,38.75,-28.25,7302:488:3,1.00
Coris,julis,38.25,-28.25,7302:488:1,1.00
Coris,julis,38.75,-27.75,7302:487:4,1.00
Coris,julis,38.75,-27.25,7302:487:3,1.00
Coris,julis,38.25,-27.75,7302:487:2,1.00
Coris,julis,38.75,-26.75,7302:486:4,1.00
Coris,julis,37.75,-25.75,7302:475:4,1.00
Coris,julis,37.75,-25.25,7302:475:3,1.00
Coris,julis,37.25,-25.25,7302:475:1,1.00
Coris,julis,36.75,-25.25,7302:465:3,1.00
Coris,julis,37.25,-24.75,7302:374:2,1.00
Coris,julis,31.25,-10.25,7301:110:1,1.00
Coris,julis,30.75,-10.25,7301:100:3,1.00
Coris,julis,39.75,-9.25,7300:499:3,0.87
Coris,julis,39.25,-9.75,7300:499:2,0.80
Coris,julis,39.25,-9.25,7300:499:1,0.89
Coris,julis,39.75,-8.75,7300:498:4,0.88
Coris,julis,38.75,-9.75,7300:489:4,0.80
Coris,julis,38.75,-9.25,7300:489:3,0.90
Coris,julis,38.25,-9.25,7300:489:1,0.96
Coris,julis,38.75,-8.75,7300:488:4,0.95
Coris,julis,38.25,-8.75,7300:488:2,0.99
Coris,julis,37.25,-9.25,7300:479:1,0.80
Coris,julis,37.75,-8.75,7300:478:4,1.00
Coris,julis,37.25,-8.75,7300:478:2,1.00
Coris,julis,37.25,-8.25,7300:478:1,1.00
Coris,julis,37.25,-7.75,7300:477:2,1.00
Coris,julis,37.25,-7.25,7300:477:1,1.00
Coris,julis,37.25,-6.75,7300:476:2,1.00
Coris,julis,36.75,-8.75,7300:468:4,1.00
Coris,julis,36.75,-8.25,7300:468:3,1.00
Coris,julis,36.75,-7.75,7300:467:4,1.00
Coris,julis,36.75,-6.75,7300:466:4,1.00
Coris,julis,36.75,-6.25,7300:466:3,1.00
Coris,julis,36.25,-6.25,7300:466:1,1.00
Coris,julis,36.25,-5.75,7300:465:2,1.00
Coris,julis,36.25,-5.25,7300:465:1,1.00
Coris,julis,35.75,-6.25,7300:456:3,1.00
Coris,julis,35.25,-6.25,7300:456:1,1.00
Coris,julis,35.75,-5.75,7300:455:4,1.00
Coris,julis,35.75,-5.25,7300:455:3,1.00
Coris,julis,35.25,-5.25,7300:455:1,1.00
Coris,julis,39.75,-0.25,7300:390:3,1.00
Coris,julis,39.25,-0.25,7300:390:1,1.00
Coris,julis,38.75,-0.25,7300:380:3,1.00
Coris,julis,38.25,-0.75,7300:380:2,1.00
Coris,julis,38.25,-0.25,7300:380:1,1.00
Coris,julis,37.75,-1.25,7300:371:3,1.00
Coris,julis,37.25,-1.75,7300:371:2,1.00
Coris,julis,37.25,-1.25,7300:371:1,1.00
Coris,julis,37.75,-0.75,7300:370:4,1.00
Coris,julis,36.75,-4.75,7300:364:4,1.00
Coris,julis,36.75,-4.25,7300:364:3,1.00
Coris,julis,36.25,-4.75,7300:364:2,1.00
Coris,julis,36.75,-3.75,7300:363:4,1.00
Coris,julis,36.75,-3.25,7300:363:3,1.00
Coris,julis,36.75,-2.75,7300:362:4,1.00
Coris,julis,36.75,-2.25,7300:362:3,1.00
Coris,julis,36.75,-1.75,7300:361:4,1.00
Coris,julis,36.25,-0.25,7300:360:1,0.90
Coris,julis,35.25,-4.75,7300:354:2,1.00
Coris,julis,35.25,-4.25,7300:354:1,1.00
Coris,julis,35.25,-3.75,7300:353:2,1.00
Coris,julis,35.25,-3.25,7300:353:1,1.00
Coris,julis,35.75,-2.75,7300:352:4,1.00
Coris,julis,35.25,-2.75,7300:352:2,1.00
Coris,julis,35.25,-2.25,7300:352:1,1.00
Coris,julis,35.75,-1.25,7300:351:3,1.00
Coris,julis,35.25,-1.75,7300:351:2,1.00
Coris,julis,35.25,-1.25,7300:351:1,1.00
Coris,julis,35.75,-0.75,7300:350:4,1.00
Coris,julis,35.75,-0.25,7300:350:3,1.00
Coris,julis,34.75,-6.75,7300:246:4,1.00
Coris,julis,34.75,-6.25,7300:246:3,1.00
Coris,julis,34.25,-6.75,7300:246:2,1.00
Coris,julis,33.75,-8.25,7300:238:3,1.00
Coris,julis,33.25,-8.75,7300:238:2,1.00
Coris,julis,33.25,-8.25,7300:238:1,1.00
Coris,julis,33.75,-7.75,7300:237:4,1.00
Coris,julis,33.75,-7.25,7300:237:3,1.00
Coris,julis,33.75,-6.75,7300:236:4,1.00
Coris,julis,32.75,-9.25,7300:229:3,1.00
Coris,julis,32.25,-9.75,7300:229:2,1.00
Coris,julis,32.25,-9.25,7300:229:1,1.00
Coris,julis,32.75,-8.75,7300:228:4,1.00
Coris,julis,31.75,-9.75,7300:219:4,1.00
Coris,julis,31.75,-9.25,7300:219:3,1.00
Coris,julis,31.25,-9.75,7300:219:2,1.00
Coris,julis,30.75,-9.75,7300:209:4,1.00
Coris,julis,30.25,-9.75,7300:209:2,1.00
Coris,julis,28.25,-17.75,7201:487:2,0.80
Coris,julis,28.25,-16.25,7201:486:1,0.80
Coris,julis,27.75,-18.25,7201:478:3,0.83
Coris,julis,27.75,-17.75,7201:477:4,0.82
Coris,julis,27.75,-15.75,7201:475:4,0.83
Coris,julis,27.75,-15.25,7201:475:3,0.87
Coris,julis,25.25,-16.25,7201:456:1,1.00
Coris,julis,25.75,-15.25,7201:455:3,0.97
Coris,julis,25.25,-15.75,7201:455:2,0.94
Coris,julis,25.25,-15.25,7201:455:1,0.85
Coris,julis,29.25,-13.75,7201:393:2,0.82
Coris,julis,29.25,-13.25,7201:393:1,1.00
Coris,julis,29.25,-11.25,7201:391:1,1.00
Coris,julis,29.75,-10.25,7201:390:3,1.00
Coris,julis,29.25,-10.75,7201:390:2,1.00
Coris,julis,29.25,-10.25,7201:390:1,1.00
Coris,julis,28.25,-14.75,7201:384:2,0.88
Coris,julis,28.25,-14.25,7201:384:1,1.00
Coris,julis,28.75,-13.75,7201:383:4,1.00
Coris,julis,28.75,-13.25,7201:383:3,1.00
Coris,julis,28.25,-13.75,7201:383:2,1.00
Coris,julis,28.25,-13.25,7201:383:1,0.85
Coris,julis,28.75,-12.75,7201:382:4,1.00
Coris,julis,28.75,-12.25,7201:382:3,1.00
Coris,julis,28.25,-12.75,7201:382:2,1.00
Coris,julis,28.25,-12.25,7201:382:1,1.00
Coris,julis,28.75,-11.75,7201:381:4,1.00
Coris,julis,28.75,-11.25,7201:381:3,1.00
Coris,julis,28.25,-11.75,7201:381:2,1.00
Coris,julis,28.25,-11.25,7201:381:1,1.00
Coris,julis,28.75,-10.75,7201:380:4,1.00
Coris,julis,27.75,-14.75,7201:374:4,1.00
Coris,julis,27.75,-13.25,7201:373:3,1.00
Coris,julis,27.25,-13.75,7201:373:2,1.00
Coris,julis,27.25,-13.25,7201:373:1,1.00
Coris,julis,27.75,-12.75,7201:372:4,1.00
Coris,julis,26.75,-14.25,7201:364:3,1.00
Coris,julis,26.25,-14.75,7201:364:2,1.00
Coris,julis,26.25,-14.25,7201:364:1,0.99
Coris,julis,26.75,-13.75,7201:363:4,1.00
Coris,julis,26.75,-13.25,7201:363:3,1.00
Coris,julis,25.75,-14.75,7201:354:4,0.90
Coris,julis,25.25,-14.75,7201:354:2,0.86
Coris,julis,24.75,-16.25,7201:246:3,0.97
Coris,julis,24.25,-16.75,7201:246:2,0.82
Coris,julis,24.25,-16.25,7201:246:1,0.90
Coris,julis,24.75,-15.75,7201:245:4,0.84
Coris,julis,24.25,-15.75,7201:245:2,0.86
Coris,julis,24.25,-15.25,7201:245:1,0.82
Coris,julis,23.75,-16.75,7201:236:4,0.91
Coris,julis,23.75,-16.25,7201:236:3,0.89
Coris,julis,23.25,-16.75,7201:236:2,0.88
Coris,julis,23.25,-16.25,7201:236:1,0.96
Coris,julis,23.75,-15.75,7201:235:4,0.84
Coris,julis,23.25,-15.75,7201:235:2,0.82
Coris,julis,22.75,-16.25,7201:226:3,0.81
Coris,julis,24.75,-14.75,7201:144:4,0.85
Coris,julis,29.75,-9.75,7200:499:4,1.00
Coris,julis,17.25,-25.25,7102:475:1,1.00
Coris,julis,16.75,-25.25,7102:465:3,1.00
Coris,julis,17.25,-24.75,7102:374:2,1.00
Coris,julis,16.75,-24.75,7102:364:4,1.00
Coris,julis,16.75,-24.25,7102:364:3,1.00
Coris,julis,16.75,-23.75,7102:363:4,1.00
Coris,julis,16.75,-22.75,7102:362:4,1.00
Coris,julis,16.25,-22.75,7102:362:2,1.00
Coris,julis,15.25,-24.25,7102:354:1,1.00
Coris,julis,15.75,-23.25,7102:353:3,1.00
Coris,julis,15.25,-23.75,7102:353:2,1.00
Coris,julis,15.25,-23.25,7102:353:1,1.00
Coris,julis,15.75,-22.75,7102:352:4,1.00
Coris,julis,14.75,-24.75,7102:144:4,1.00
Coris,julis,14.75,-24.25,7102:144:3,1.00
Coris,julis,14.75,-23.75,7102:143:4,1.00
Coris,julis,14.75,-23.25,7102:143:3,1.00
Coris,julis,14.75,-17.75,7101:247:4,0.91
Coris,julis,13.75,-17.25,7101:237:3,0.84
Coris,julis,13.25,-17.25,7101:237:1,0.84
Coris,julis,12.75,-17.75,7101:227:4,1.00
Coris,julis,12.75,-17.25,7101:227:3,0.90
Coris,julis,12.25,-17.25,7101:227:1,1.00
Coris,julis,12.75,-16.75,7101:226:4,0.89
Coris,julis,12.75,-16.25,7101:226:3,0.85
Coris,julis,12.25,-16.75,7101:226:2,0.94
Coris,julis,12.25,-16.25,7101:226:1,0.99
Coris,julis,12.25,-15.75,7101:225:2,0.90
Coris,julis,12.25,-15.25,7101:225:1,0.86
Coris,julis,11.75,-17.25,7101:217:3,1.00
Coris,julis,11.25,-17.25,7101:217:1,1.00
Coris,julis,11.75,-16.75,7101:216:4,0.99
Coris,julis,11.75,-16.25,7101:216:3,1.00
Coris,julis,11.25,-16.75,7101:216:2,1.00
Coris,julis,11.25,-16.25,7101:216:1,1.00
Coris,julis,11.75,-15.75,7101:215:4,1.00
Coris,julis,11.75,-15.25,7101:215:3,0.94
Coris,julis,11.25,-15.75,7101:215:2,1.00
Coris,julis,11.25,-15.25,7101:215:1,1.00
Coris,julis,10.75,-16.75,7101:206:4,1.00
Coris,julis,10.75,-16.25,7101:206:3,1.00
Coris,julis,10.25,-16.75,7101:206:2,1.00
Coris,julis,10.25,-16.25,7101:206:1,1.00
Coris,julis,10.75,-15.75,7101:205:4,1.00
Coris,julis,10.75,-15.25,7101:205:3,1.00
Coris,julis,10.25,-15.75,7101:205:2,1.00
Coris,julis,10.25,-15.25,7101:205:1,1.00
Coris,julis,11.25,-14.75,7101:114:2,0.91
Coris,julis,10.75,-14.75,7101:104:4,1.00
Coris,julis,10.25,-14.75,7101:104:2,1.00
Coris,julis,10.25,-14.25,7101:104:1,0.96
Coris,julis,10.25,-13.75,7101:103:2,0.88
Coris,julis,9.75,-16.75,7001:496:4,1.00
Coris,julis,9.75,-16.25,7001:496:3,1.00
Coris,julis,9.75,-15.75,7001:495:4,1.00
Coris,julis,9.75,-15.25,7001:495:3,1.00
Coris,julis,9.25,-15.75,7001:495:2,1.00
Coris,julis,9.25,-15.25,7001:495:1,1.00
Coris,julis,9.75,-14.75,7001:394:4,1.00
Coris,julis,9.75,-14.25,7001:394:3,0.98
Coris,julis,9.25,-14.75,7001:394:2,1.00
Coris,julis,9.25,-14.25,7001:394:1,0.98
Coris,julis,9.75,-13.75,7001:393:4,0.87
Coris,julis,9.75,-13.25,7001:393:3,0.89
Coris,julis,9.25,-13.75,7001:393:2,0.95
Coris,julis,9.25,-13.25,7001:393:1,0.89
Coris,julis,8.75,-14.75,7001:384:4,0.99
Coris,julis,8.75,-14.25,7001:384:3,0.98
Coris,julis,8.25,-14.25,7001:384:1,0.96
Coris,julis,8.75,-13.75,7001:383:4,0.96
Coris,julis,8.75,-13.25,7001:383:3,0.95
Coris,julis,8.25,-13.75,7001:383:2,0.97
Coris,julis,8.25,-13.25,7001:383:1,0.96
Coris,julis,8.75,-12.75,7001:382:4,0.89
Coris,julis,8.25,-12.75,7001:382:2,0.91
Coris,julis,7.75,-14.25,7001:374:3,0.94
Coris,julis,7.75,-13.75,7001:373:4,0.97
Coris,julis,7.75,-13.25,7001:373:3,0.99
Coris,julis,7.25,-13.25,7001:373:1,0.95
Coris,julis,7.75,-12.75,7001:372:4,0.93
Coris,julis,7.75,-12.25,7001:372:3,0.87
Coris,julis,7.25,-12.75,7001:372:2,0.98
Coris,julis,7.25,-12.25,7001:372:1,0.91
Coris,julis,7.25,-11.75,7001:371:2,0.83
Coris,julis,6.75,-11.75,7001:361:4,0.91
Coris,julis,6.75,-11.25,7001:361:3,0.86
Coris,julis,6.25,-11.25,7001:361:1,0.94
Coris,julis,6.75,-10.75,7001:360:4,0.91
Coris,julis,6.25,-10.75,7001:360:2,0.90
Coris,julis,6.25,-10.25,7001:360:1,0.94
Coris,julis,5.75,-10.25,7001:350:3,0.91
Coris,julis,5.75,-9.75,7000:459:4,0.98
Coris,julis,5.25,-9.75,7000:459:2,0.93
Coris,julis,5.25,-9.25,7000:459:1,0.98
Coris,julis,4.75,-9.25,7000:249:3,0.92
Coris,julis,4.75,-8.75,7000:248:4,0.95
Coris,julis,4.75,-8.25,7000:248:3,0.99
Coris,julis,4.25,-8.25,7000:248:1,0.93
Coris,julis,4.75,-7.75,7000:247:4,0.85
Coris,julis,4.25,-7.75,7000:247:2,0.96
Coris,julis,4.25,-7.25,7000:247:1,0.95
Coris,julis,4.25,-6.75,7000:246:2,0.80
Coris,julis,4.75,-3.25,7000:143:3,0.83
Coris,julis,4.75,-2.75,7000:142:4,0.83
Coris,julis,4.75,-2.25,7000:142:3,0.83
Coris,julis,4.25,-2.25,7000:142:1,0.90
Coris,julis,4.25,-1.75,7000:141:2,0.86
Coris,julis,4.25,-1.25,7000:141:1,0.87
Coris,julis,4.75,-0.75,7000:140:4,0.81
Coris,julis,-0.75,9.25,3000:209:3,0.84
Coris,julis,-0.25,9.25,3000:209:1,0.81
Coris,julis,-0.75,8.75,3000:208:4,0.87
Coris,julis,-0.25,8.75,3000:208:2,0.85
Coris,julis,40.75,25.25,1402:205:3,0.89
Coris,julis,40.25,25.75,1402:205:2,0.82
Coris,julis,40.25,25.25,1402:205:1,0.94
Coris,julis,40.75,24.75,1402:104:4,0.97
Coris,julis,40.75,24.25,1402:104:3,1.00
Coris,julis,40.25,24.25,1402:104:1,1.00
Coris,julis,40.75,23.75,1402:103:4,1.00
Coris,julis,40.25,23.75,1402:103:2,1.00
Coris,julis,40.25,23.25,1402:103:1,1.00
Coris,julis,40.75,22.75,1402:102:4,1.00
Coris,julis,40.25,22.75,1402:102:2,1.00
Coris,julis,45.25,14.75,1401:354:2,0.95
Coris,julis,45.25,14.25,1401:354:1,0.94
Coris,julis,45.75,13.75,1401:353:4,0.94
Coris,julis,45.75,13.25,1401:353:3,0.98
Coris,julis,45.25,13.75,1401:353:2,0.99
Coris,julis,45.25,13.25,1401:353:1,1.00
Coris,julis,44.75,15.25,1401:245:3,1.00
Coris,julis,44.25,15.75,1401:245:2,1.00
Coris,julis,44.25,15.25,1401:245:1,1.00
Coris,julis,43.25,17.75,1401:237:2,1.00
Coris,julis,43.25,17.25,1401:237:1,1.00
Coris,julis,43.75,16.75,1401:236:4,1.00
Coris,julis,43.75,16.25,1401:236:3,1.00
Coris,julis,43.25,16.75,1401:236:2,1.00
Coris,julis,43.25,16.25,1401:236:1,1.00
Coris,julis,43.75,15.75,1401:235:4,1.00
Coris,julis,43.75,15.25,1401:235:3,1.00
Coris,julis,43.25,15.75,1401:235:2,1.00
Coris,julis,43.25,15.25,1401:235:1,1.00
Coris,julis,42.25,19.25,1401:229:1,1.00
Coris,julis,42.75,18.75,1401:228:4,1.00
Coris,julis,42.75,18.25,1401:228:3,1.00
Coris,julis,42.25,18.75,1401:228:2,1.00
Coris,julis,42.25,18.25,1401:228:1,1.00
Coris,julis,42.75,17.75,1401:227:4,1.00
Coris,julis,42.75,17.25,1401:227:3,1.00
Coris,julis,42.75,16.75,1401:226:4,1.00
Coris,julis,42.75,16.25,1401:226:3,1.00
Coris,julis,42.25,16.25,1401:226:1,1.00
Coris,julis,42.75,15.75,1401:225:4,1.00
Coris,julis,42.75,15.25,1401:225:3,1.00
Coris,julis,42.25,15.75,1401:225:2,1.00
Coris,julis,42.25,15.25,1401:225:1,1.00
Coris,julis,41.75,19.75,1401:219:4,1.00
Coris,julis,41.75,19.25,1401:219:3,1.00
Coris,julis,41.25,19.75,1401:219:2,1.00
Coris,julis,41.25,19.25,1401:219:1,1.00
Coris,julis,41.25,17.25,1401:217:1,1.00
Coris,julis,41.75,16.25,1401:216:3,1.00
Coris,julis,41.25,16.75,1401:216:2,1.00
Coris,julis,41.25,16.25,1401:216:1,1.00
Coris,julis,41.75,15.75,1401:215:4,1.00
Coris,julis,41.75,15.25,1401:215:3,1.00
Coris,julis,40.75,19.75,1401:209:4,1.00
Coris,julis,40.75,19.25,1401:209:3,1.00
Coris,julis,40.25,19.75,1401:209:2,1.00
Coris,julis,40.25,19.25,1401:209:1,1.00
Coris,julis,40.75,18.25,1401:208:3,1.00
Coris,julis,40.25,18.75,1401:208:2,1.00
Coris,julis,40.25,18.25,1401:208:1,1.00
Coris,julis,40.75,17.75,1401:207:4,1.00
Coris,julis,40.75,17.25,1401:207:3,1.00
Coris,julis,40.25,17.75,1401:207:2,0.99
Coris,julis,40.25,17.25,1401:207:1,0.95
Coris,julis,40.25,16.75,1401:206:2,0.92
Coris,julis,40.25,15.75,1401:205:2,1.00
Coris,julis,40.25,15.25,1401:205:1,1.00
Coris,julis,44.75,14.75,1401:144:4,0.99
Coris,julis,44.75,14.25,1401:144:3,1.00
Coris,julis,44.25,14.75,1401:144:2,1.00
Coris,julis,44.25,14.25,1401:144:1,1.00
Coris,julis,44.75,13.75,1401:143:4,1.00
Coris,julis,44.75,13.25,1401:143:3,1.00
Coris,julis,44.25,13.75,1401:143:2,1.00
Coris,julis,44.25,13.25,1401:143:1,1.00
Coris,julis,44.25,12.75,1401:142:2,1.00
Coris,julis,44.25,10.25,1401:140:1,1.00
Coris,julis,43.75,14.75,1401:134:4,1.00
Coris,julis,43.75,14.25,1401:134:3,1.00
Coris,julis,43.25,14.75,1401:134:2,1.00
Coris,julis,43.25,14.25,1401:134:1,1.00
Coris,julis,43.75,13.75,1401:133:4,1.00
Coris,julis,43.75,13.25,1401:133:3,1.00
Coris,julis,43.25,13.75,1401:133:2,1.00
Coris,julis,43.75,12.75,1401:132:4,1.00
Coris,julis,43.75,10.25,1401:130:3,1.00
Coris,julis,43.25,10.75,1401:130:2,1.00
Coris,julis,43.25,10.25,1401:130:1,1.00
Coris,julis,42.75,14.75,1401:124:4,0.82
Coris,julis,42.75,14.25,1401:124:3,1.00
Coris,julis,42.25,14.75,1401:124:2,1.00
Coris,julis,42.25,14.25,1401:124:1,1.00
Coris,julis,42.75,13.75,1401:123:4,1.00
Coris,julis,42.25,12.25,1401:122:1,1.00
Coris,julis,42.75,11.25,1401:121:3,1.00
Coris,julis,42.25,11.75,1401:121:2,1.00
Coris,julis,42.25,11.25,1401:121:1,1.00
Coris,julis,42.75,10.75,1401:120:4,1.00
Coris,julis,42.75,10.25,1401:120:3,0.85
Coris,julis,42.25,10.75,1401:120:2,0.85
Coris,julis,42.25,10.25,1401:120:1,0.84
Coris,julis,41.25,13.75,1401:113:2,1.00
Coris,julis,41.25,13.25,1401:113:1,1.00
Coris,julis,41.75,12.75,1401:112:4,1.00
Coris,julis,41.75,12.25,1401:112:3,1.00
Coris,julis,41.25,12.75,1401:112:2,1.00
Coris,julis,41.75,11.75,1401:111:4,1.00
Coris,julis,40.75,14.75,1401:104:4,1.00
Coris,julis,40.75,14.25,1401:104:3,1.00
Coris,julis,40.25,14.75,1401:104:2,1.00
Coris,julis,40.75,13.75,1401:103:4,1.00
Coris,julis,40.75,13.25,1401:103:3,0.94
Coris,julis,40.75,12.75,1401:102:4,0.89
Coris,julis,44.25,9.75,1400:249:2,1.00
Coris,julis,44.25,9.25,1400:249:1,0.87
Coris,julis,44.25,8.75,1400:248:2,0.86
Coris,julis,44.25,8.25,1400:248:1,1.00
Coris,julis,43.75,9.75,1400:239:4,1.00
Coris,julis,43.25,9.75,1400:239:2,0.89
Coris,julis,43.25,9.25,1400:239:1,0.87
Coris,julis,43.75,8.25,1400:238:3,1.00
Coris,julis,43.75,7.75,1400:237:4,1.00
Coris,julis,43.75,7.25,1400:237:3,1.00
Coris,julis,43.75,6.75,1400:236:4,1.00
Coris,julis,43.25,6.75,1400:236:2,0.90
Coris,julis,43.25,6.25,1400:236:1,1.00
Coris,julis,43.25,5.75,1400:235:2,1.00
Coris,julis,43.25,5.25,1400:235:1,1.00
Coris,julis,42.75,9.75,1400:229:4,1.00
Coris,julis,42.75,9.25,1400:229:3,1.00
Coris,julis,42.25,9.75,1400:229:2,0.87
Coris,julis,42.25,9.25,1400:229:1,0.99
Coris,julis,42.75,8.75,1400:228:4,1.00
Coris,julis,42.25,8.75,1400:228:2,0.99
Coris,julis,41.75,9.75,1400:219:4,0.86
Coris,julis,41.75,9.25,1400:219:3,0.95
Coris,julis,41.25,9.75,1400:219:2,0.95
Coris,julis,41.25,9.25,1400:219:1,1.00
Coris,julis,41.75,8.75,1400:218:4,0.96
Coris,julis,41.25,8.75,1400:218:2,1.00
Coris,julis,41.25,8.25,1400:218:1,0.93
Coris,julis,40.75,9.75,1400:209:4,0.95
Coris,julis,40.25,9.75,1400:209:2,0.91
Coris,julis,40.75,8.75,1400:208:4,1.00
Coris,julis,40.75,8.25,1400:208:3,1.00
Coris,julis,40.25,8.75,1400:208:2,1.00
Coris,julis,40.25,8.25,1400:208:1,1.00
Coris,julis,43.75,4.25,1400:134:3,0.90
Coris,julis,43.25,4.25,1400:134:1,0.89
Coris,julis,43.75,3.75,1400:133:4,0.87
Coris,julis,43.25,3.75,1400:133:2,0.90
Coris,julis,43.25,3.25,1400:133:1,0.88
Coris,julis,42.75,3.25,1400:123:3,0.90
Coris,julis,42.25,3.25,1400:123:1,0.95
Coris,julis,41.75,3.25,1400:113:3,1.00
Coris,julis,41.75,2.75,1400:112:4,1.00
Coris,julis,41.75,2.25,1400:112:3,1.00
Coris,julis,41.25,2.75,1400:112:2,1.00
Coris,julis,41.25,2.25,1400:112:1,1.00
Coris,julis,41.25,1.75,1400:111:2,1.00
Coris,julis,41.25,1.25,1400:111:1,1.00
Coris,julis,41.25,0.75,1400:110:2,1.00
Coris,julis,40.25,4.25,1400:104:1,1.00
Coris,julis,40.25,3.75,1400:103:2,1.00
Coris,julis,40.25,3.25,1400:103:1,1.00
Coris,julis,40.75,1.25,1400:101:3,1.00
Coris,julis,40.75,0.75,1400:100:4,1.00
Coris,julis,40.25,0.75,1400:100:2,1.00
Coris,julis,40.25,0.25,1400:100:1,1.00
Coris,julis,36.75,34.25,1303:364:3,1.00
Coris,julis,36.75,32.25,1303:362:3,1.00
Coris,julis,36.75,31.75,1303:361:4,1.00
Coris,julis,32.25,34.75,1303:124:2,1.00
Coris,julis,31.75,34.75,1303:114:4,1.00
Coris,julis,31.75,34.25,1303:114:3,1.00
Coris,julis,31.25,34.25,1303:114:1,1.00
Coris,julis,31.25,33.75,1303:113:2,1.00
Coris,julis,31.25,33.25,1303:113:1,1.00
Coris,julis,31.75,32.25,1303:112:3,1.00
Coris,julis,31.25,32.75,1303:112:2,1.00
Coris,julis,31.25,32.25,1303:112:1,1.00
Coris,julis,31.75,31.75,1303:111:4,1.00
Coris,julis,31.75,31.25,1303:111:3,1.00
Coris,julis,31.25,31.75,1303:111:2,1.00
Coris,julis,31.75,30.75,1303:110:4,1.00
Coris,julis,31.75,30.25,1303:110:3,0.99
Coris,julis,31.25,30.75,1303:110:2,1.00
Coris,julis,31.25,30.25,1303:110:1,1.00
Coris,julis,39.75,26.75,1302:496:4,0.97
Coris,julis,39.75,26.25,1302:496:3,0.99
Coris,julis,39.25,26.75,1302:496:2,1.00
Coris,julis,39.25,26.25,1302:496:1,1.00
Coris,julis,39.75,25.75,1302:495:4,1.00
Coris,julis,39.75,25.25,1302:495:3,1.00
Coris,julis,39.25,25.75,1302:495:2,1.00
Coris,julis,39.25,25.25,1302:495:1,1.00
Coris,julis,38.75,27.25,1302:487:3,1.00
Coris,julis,38.25,27.25,1302:487:1,1.00
Coris,julis,38.75,26.75,1302:486:4,1.00
Coris,julis,38.75,26.25,1302:486:3,1.00
Coris,julis,38.25,26.25,1302:486:1,1.00
Coris,julis,38.75,25.75,1302:485:4,1.00
Coris,julis,38.25,25.75,1302:485:2,1.00
Coris,julis,37.25,28.25,1302:478:1,1.00
Coris,julis,37.75,27.25,1302:477:3,0.90
Coris,julis,37.75,25.75,1302:475:4,1.00
Coris,julis,37.75,25.25,1302:475:3,1.00
Coris,julis,37.25,25.75,1302:475:2,0.87
Coris,julis,37.25,25.25,1302:475:1,1.00
Coris,julis,36.75,25.25,1302:465:3,1.00
Coris,julis,36.25,25.25,1302:465:1,1.00
Coris,julis,39.75,24.75,1302:394:4,0.82
Coris,julis,39.75,24.25,1302:394:3,1.00
Coris,julis,39.25,24.75,1302:394:2,1.00
Coris,julis,39.25,24.25,1302:394:1,1.00
Coris,julis,39.75,23.75,1302:393:4,1.00
Coris,julis,39.75,23.25,1302:393:3,1.00
Coris,julis,39.25,23.75,1302:393:2,1.00
Coris,julis,39.25,23.25,1302:393:1,1.00
Coris,julis,39.75,22.75,1302:392:4,1.00
Coris,julis,39.25,22.75,1302:392:2,1.00
Coris,julis,39.25,21.25,1302:391:1,1.00
Coris,julis,39.75,20.25,1302:390:3,1.00
Coris,julis,39.25,20.75,1302:390:2,1.00
Coris,julis,39.25,20.25,1302:390:1,1.00
Coris,julis,38.75,24.75,1302:384:4,1.00
Coris,julis,38.75,24.25,1302:384:3,1.00
Coris,julis,38.25,24.75,1302:384:2,1.00
Coris,julis,38.25,24.25,1302:384:1,1.00
Coris,julis,38.75,23.75,1302:383:4,1.00
Coris,julis,38.75,23.25,1302:383:3,1.00
Coris,julis,38.25,23.75,1302:383:2,1.00
Coris,julis,38.25,23.25,1302:383:1,1.00
Coris,julis,38.75,22.75,1302:382:4,1.00
Coris,julis,38.25,22.75,1302:382:2,1.00
Coris,julis,38.25,22.25,1302:382:1,1.00
Coris,julis,38.75,21.25,1302:381:3,1.00
Coris,julis,38.25,21.75,1302:381:2,1.00
Coris,julis,38.25,21.25,1302:381:1,1.00
Coris,julis,38.75,20.75,1302:380:4,1.00
Coris,julis,38.25,20.75,1302:380:2,1.00
Coris,julis,38.25,20.25,1302:380:1,1.00
Coris,julis,37.75,24.75,1302:374:4,1.00
Coris,julis,37.75,24.25,1302:374:3,1.00
Coris,julis,37.25,24.75,1302:374:2,1.00
Coris,julis,37.25,24.25,1302:374:1,1.00
Coris,julis,37.75,23.75,1302:373:4,1.00
Coris,julis,37.75,23.25,1302:373:3,1.00
Coris,julis,37.25,23.75,1302:373:2,1.00
Coris,julis,37.25,23.25,1302:373:1,1.00
Coris,julis,37.75,22.75,1302:372:4,1.00
Coris,julis,37.25,22.75,1302:372:2,1.00
Coris,julis,37.25,22.25,1302:372:1,1.00
Coris,julis,37.75,21.75,1302:371:4,1.00
Coris,julis,37.75,21.25,1302:371:3,1.00
Coris,julis,37.25,21.75,1302:371:2,1.00
Coris,julis,37.25,21.25,1302:371:1,1.00
Coris,julis,37.75,20.75,1302:370:4,1.00
Coris,julis,36.75,24.75,1302:364:4,1.00
Coris,julis,36.75,24.25,1302:364:3,1.00
Coris,julis,36.75,23.75,1302:363:4,1.00
Coris,julis,36.75,23.25,1302:363:3,1.00
Coris,julis,36.25,23.25,1302:363:1,1.00
Coris,julis,36.75,22.75,1302:362:4,1.00
Coris,julis,36.75,22.25,1302:362:3,1.00
Coris,julis,36.25,22.75,1302:362:2,1.00
Coris,julis,36.25,22.25,1302:362:1,1.00
Coris,julis,36.75,21.75,1302:361:4,1.00
Coris,julis,35.75,24.25,1302:354:3,1.00
Coris,julis,35.75,23.75,1302:353:4,1.00
Coris,julis,35.75,23.25,1302:353:3,1.00
Coris,julis,31.25,29.75,1302:219:2,1.00
Coris,julis,31.25,29.25,1302:219:1,0.84
Coris,julis,31.25,28.25,1302:218:1,0.93
Coris,julis,31.25,27.75,1302:217:2,1.00
Coris,julis,31.25,27.25,1302:217:1,0.96
Coris,julis,31.25,26.75,1302:216:2,0.95
Coris,julis,32.75,23.25,1302:123:3,0.83
Coris,julis,32.75,22.75,1302:122:4,0.88
Coris,julis,32.75,22.25,1302:122:3,0.94
Coris,julis,32.75,21.75,1302:121:4,1.00
Coris,julis,32.75,21.25,1302:121:3,1.00
Coris,julis,32.75,20.75,1302:120:4,1.00
Coris,julis,32.75,20.25,1302:120:3,1.00
Coris,julis,32.25,20.25,1302:120:1,1.00
Coris,julis,31.75,20.25,1302:110:3,1.00
Coris,julis,31.25,20.25,1302:110:1,1.00
Coris,julis,30.75,20.25,1302:100:3,1.00
Coris,julis,39.75,19.75,1301:499:4,1.00
Coris,julis,39.75,19.25,1301:499:3,1.00
Coris,julis,39.25,19.75,1301:499:2,1.00
Coris,julis,39.75,18.75,1301:498:4,1.00
Coris,julis,39.75,18.25,1301:498:3,1.00
Coris,julis,39.75,17.25,1301:497:3,0.96
Coris,julis,39.25,17.25,1301:497:1,0.98
Coris,julis,39.75,16.75,1301:496:4,0.92
Coris,julis,39.25,16.25,1301:496:1,1.00
Coris,julis,39.75,15.75,1301:495:4,0.90
Coris,julis,39.75,15.25,1301:495:3,0.90
Coris,julis,38.75,17.25,1301:487:3,1.00
Coris,julis,38.75,16.75,1301:486:4,1.00
Coris,julis,38.75,16.25,1301:486:3,1.00
Coris,julis,38.25,16.75,1301:486:2,1.00
Coris,julis,38.25,16.25,1301:486:1,1.00
Coris,julis,38.75,15.75,1301:485:4,1.00
Coris,julis,38.75,15.25,1301:485:3,0.97
Coris,julis,38.25,15.75,1301:485:2,1.00
Coris,julis,38.25,15.25,1301:485:1,1.00
Coris,julis,37.75,16.25,1301:476:3,1.00
Coris,julis,37.75,15.75,1301:475:4,1.00
Coris,julis,37.75,15.25,1301:475:3,1.00
Coris,julis,37.25,15.25,1301:475:1,1.00
Coris,julis,36.75,15.25,1301:465:3,1.00
Coris,julis,35.75,15.25,1301:455:3,0.82
Coris,julis,38.75,14.75,1301:384:4,0.96
Coris,julis,38.75,14.25,1301:384:3,0.97
Coris,julis,38.25,14.75,1301:384:2,1.00
Coris,julis,38.25,14.25,1301:384:1,1.00
Coris,julis,38.75,13.25,1301:383:3,0.94
Coris,julis,38.25,13.75,1301:383:2,1.00
Coris,julis,38.25,13.25,1301:383:1,1.00
Coris,julis,38.25,12.75,1301:382:2,1.00
Coris,julis,38.25,12.25,1301:382:1,1.00
Coris,julis,37.25,14.25,1301:374:1,1.00
Coris,julis,37.75,13.25,1301:373:3,1.00
Coris,julis,37.25,13.75,1301:373:2,1.00
Coris,julis,37.25,13.25,1301:373:1,1.00
Coris,julis,37.75,12.75,1301:372:4,1.00
Coris,julis,37.75,12.25,1301:372:3,0.99
Coris,julis,37.25,12.75,1301:372:2,1.00
Coris,julis,37.25,12.25,1301:372:1,0.99
Coris,julis,37.75,11.75,1301:371:4,0.96
Coris,julis,37.25,11.25,1301:371:1,0.96
Coris,julis,37.75,10.75,1301:370:4,0.85
Coris,julis,37.75,10.25,1301:370:3,0.83
Coris,julis,37.25,10.75,1301:370:2,1.00
Coris,julis,37.25,10.25,1301:370:1,1.00
Coris,julis,36.75,14.75,1301:364:4,1.00
Coris,julis,36.75,14.25,1301:364:3,1.00
Coris,julis,36.25,14.25,1301:364:1,1.00
Coris,julis,36.75,12.75,1301:362:4,0.98
Coris,julis,36.75,12.25,1301:362:3,1.00
Coris,julis,36.75,11.75,1301:361:4,0.98
Coris,julis,36.75,11.25,1301:361:3,0.98
Coris,julis,36.25,11.25,1301:361:1,0.98
Coris,julis,36.75,10.75,1301:360:4,1.00
Coris,julis,36.75,10.25,1301:360:3,1.00
Coris,julis,36.25,10.75,1301:360:2,1.00
Coris,julis,36.25,10.25,1301:360:1,1.00
Coris,julis,35.75,14.75,1301:354:4,1.00
Coris,julis,35.75,14.25,1301:354:3,1.00
Coris,julis,35.25,13.25,1301:353:1,1.00
Coris,julis,35.75,12.75,1301:352:4,1.00
Coris,julis,35.75,12.25,1301:352:3,1.00
Coris,julis,35.25,12.75,1301:352:2,1.00
Coris,julis,35.25,12.25,1301:352:1,1.00
Coris,julis,35.75,11.75,1301:351:4,1.00
Coris,julis,35.75,11.25,1301:351:3,1.00
Coris,julis,35.25,11.75,1301:351:2,1.00
Coris,julis,35.25,11.25,1301:351:1,1.00
Coris,julis,35.75,10.75,1301:350:4,1.00
Coris,julis,35.25,10.75,1301:350:2,1.00
Coris,julis,32.25,19.75,1301:229:2,1.00
Coris,julis,32.25,15.75,1301:225:2,1.00
Coris,julis,32.25,15.25,1301:225:1,1.00
Coris,julis,31.75,19.75,1301:219:4,1.00
Coris,julis,31.25,19.75,1301:219:2,1.00
Coris,julis,31.25,18.25,1301:218:1,1.00
Coris,julis,31.25,17.75,1301:217:2,1.00
Coris,julis,31.25,17.25,1301:217:1,1.00
Coris,julis,31.75,16.25,1301:216:3,1.00
Coris,julis,31.25,16.75,1301:216:2,1.00
Coris,julis,31.25,16.25,1301:216:1,1.00
Coris,julis,31.75,15.75,1301:215:4,1.00
Coris,julis,31.75,15.25,1301:215:3,1.00
Coris,julis,31.25,15.75,1301:215:2,1.00
Coris,julis,30.75,19.75,1301:209:4,1.00
Coris,julis,30.25,19.75,1301:209:2,1.00
Coris,julis,30.25,19.25,1301:209:1,1.00
Coris,julis,30.75,18.75,1301:208:4,1.00
Coris,julis,30.75,18.25,1301:208:3,1.00
Coris,julis,30.25,18.75,1301:208:2,1.00
Coris,julis,30.75,17.75,1301:207:4,1.00
Coris,julis,34.75,12.75,1301:142:4,1.00
Coris,julis,34.75,12.25,1301:142:3,1.00
Coris,julis,34.25,12.25,1301:142:1,1.00
Coris,julis,34.75,11.75,1301:141:4,1.00
Coris,julis,34.75,11.25,1301:141:3,1.00
Coris,julis,34.25,11.75,1301:141:2,1.00
Coris,julis,34.25,11.25,1301:141:1,1.00
Coris,julis,34.75,10.75,1301:140:4,1.00
Coris,julis,34.75,10.25,1301:140:3,1.00
Coris,julis,34.25,10.75,1301:140:2,1.00
Coris,julis,34.25,10.25,1301:140:1,1.00
Coris,julis,33.25,13.75,1301:133:2,1.00
Coris,julis,33.25,13.25,1301:133:1,1.00
Coris,julis,33.75,12.75,1301:132:4,1.00
Coris,julis,33.75,12.25,1301:132:3,1.00
Coris,julis,33.25,12.75,1301:132:2,1.00
Coris,julis,33.25,12.25,1301:132:1,1.00
Coris,julis,33.75,11.75,1301:131:4,1.00
Coris,julis,33.75,11.25,1301:131:3,1.00
Coris,julis,33.25,11.75,1301:131:2,1.00
Coris,julis,33.25,11.25,1301:131:1,1.00
Coris,julis,33.75,10.75,1301:130:4,1.00
Coris,julis,33.75,10.25,1301:130:3,1.00
Coris,julis,32.75,14.75,1301:124:4,1.00
Coris,julis,32.75,14.25,1301:124:3,1.00
Coris,julis,32.25,14.75,1301:124:2,1.00
Coris,julis,32.75,13.75,1301:123:4,1.00
Coris,julis,32.75,13.25,1301:123:3,1.00
Coris,julis,32.75,12.75,1301:122:4,1.00
Coris,julis,32.75,12.25,1301:122:3,1.00
Coris,julis,39.75,9.75,1300:499:4,1.00
Coris,julis,39.25,9.75,1300:499:2,1.00
Coris,julis,39.25,9.25,1300:499:1,1.00
Coris,julis,39.75,8.75,1300:498:4,1.00
Coris,julis,39.75,8.25,1300:498:3,1.00
Coris,julis,39.25,8.75,1300:498:2,1.00
Coris,julis,39.25,8.25,1300:498:1,1.00
Coris,julis,38.75,9.25,1300:489:3,0.96
Coris,julis,38.75,8.75,1300:488:4,1.00
Coris,julis,38.75,8.25,1300:488:3,0.93
Coris,julis,37.75,9.25,1300:479:3,0.97
Coris,julis,37.25,9.75,1300:479:2,1.00
Coris,julis,37.25,9.25,1300:479:1,1.00
Coris,julis,37.75,8.75,1300:478:4,0.95
Coris,julis,37.25,8.75,1300:478:2,1.00
Coris,julis,37.25,8.25,1300:478:1,1.00
Coris,julis,37.25,7.75,1300:477:2,1.00
Coris,julis,37.25,7.25,1300:477:1,1.00
Coris,julis,37.25,6.75,1300:476:2,1.00
Coris,julis,37.25,6.25,1300:476:1,1.00
Coris,julis,36.75,8.75,1300:468:4,1.00
Coris,julis,36.75,8.25,1300:468:3,1.00
Coris,julis,36.75,7.75,1300:467:4,1.00
Coris,julis,36.75,7.25,1300:467:3,1.00
Coris,julis,36.75,6.75,1300:466:4,1.00
Coris,julis,36.75,6.25,1300:466:3,1.00
Coris,julis,36.75,5.75,1300:465:4,1.00
Coris,julis,36.75,5.25,1300:465:3,1.00
Coris,julis,39.75,4.25,1300:394:3,1.00
Coris,julis,39.75,3.75,1300:393:4,1.00
Coris,julis,39.75,3.25,1300:393:3,0.97
Coris,julis,39.25,3.25,1300:393:1,0.98
Coris,julis,39.75,2.75,1300:392:4,1.00
Coris,julis,39.75,2.25,1300:392:3,1.00
Coris,julis,39.25,2.75,1300:392:2,1.00
Coris,julis,39.25,2.25,1300:392:1,0.93
Coris,julis,39.25,1.75,1300:391:2,1.00
Coris,julis,39.25,1.25,1300:391:1,1.00
Coris,julis,39.75,0.75,1300:390:4,1.00
Coris,julis,39.75,0.25,1300:390:3,1.00
Coris,julis,39.25,0.25,1300:390:1,1.00
Coris,julis,38.75,1.75,1300:381:4,0.99
Coris,julis,38.75,1.25,1300:381:3,1.00
Coris,julis,38.75,0.25,1300:380:3,1.00
Coris,julis,36.75,4.75,1300:364:4,1.00
Coris,julis,36.75,4.25,1300:364:3,1.00
Coris,julis,36.75,3.75,1300:363:4,1.00
Coris,julis,36.75,3.25,1300:363:3,1.00
Coris,julis,36.75,2.75,1300:362:4,1.00
Coris,julis,36.75,2.25,1300:362:3,1.00
Coris,julis,36.75,1.75,1300:361:4,1.00
Coris,julis,36.75,1.25,1300:361:3,1.00
Coris,julis,36.25,0.75,1300:360:2,1.00
Coris,julis,36.25,0.25,1300:360:1,1.00
Coris,julis,35.75,0.25,1300:350:3,1.00
Coris,julis,6.75,3.75,1000:363:4,0.87
Coris,julis,6.75,3.25,1000:363:3,0.92
Coris,julis,6.25,3.25,1000:363:1,0.84
Coris,julis,6.25,2.75,1000:362:2,0.92
Coris,julis,6.25,2.25,1000:362:1,1.00
Coris,julis,6.25,1.75,1000:361:2,1.00
Coris,julis,6.25,1.25,1000:361:1,0.95
Coris,julis,5.25,4.75,1000:354:2,0.82
Coris,julis,5.75,1.25,1000:351:3,0.96
Coris,julis,5.75,0.75,1000:350:4,0.82
Coris,julis,5.25,0.25,1000:350:1,0.89
Coris,julis,4.25,5.25,1000:245:1,0.82
Coris,julis,3.75,5.75,1000:235:4,0.83
Coris,julis,1.75,7.75,1000:217:4,0.95
Coris,julis,1.75,7.25,1000:217:3,0.96
Coris,julis,1.25,7.25,1000:217:1,0.99
Coris,julis,0.25,6.75,1000:206:2,1.00
Coris,julis,4.75,4.75,1000:144:4,0.89
